-2.46721
-2.68468
-1.38768
2.12757
0.841348
-0.811506
-0.947832
-0.665538
-0.241807
-0.071253
0.391946
0.907214
0.939902
-0.637866
-0.526722
0.538449
0.989445
0.631305
-0.190572
0.228335
-0.296682
-0.580254
-0.609155
-0.427875
-0.399119
-0.334114
-0.542677
-0.910945
-0.700583
-0.0925171
0.927907
1.3607
1.01244
-0.0592449
0.142335
1.39352
1.23163
0.91823
0.800538
0.0886667
-0.344957
-0.30965
-0.185922
-1.20295
-1.1558
-0.910554
-0.828128
-0.826847
-0.338839
0.109974
0.64322
0.93108
0.707321
0.113265
0.436651
0.848337
1.07456
0.861057
0.549741
-0.567942
-0.73552
-0.405778
-0.765151
-1.33337
-1.24868
-0.953338
-0.682145
-0.459895
0.175881
0.68936
0.920068
0.953785
0.382144
-0.0392627
0.492016
0.973034
1.12992
0.976805
0.67912
-0.489684
-0.705862
-0.481479
-0.858034
-1.37811
-1.22667
-0.852724
-0.634823
-0.55095
0.0598121
0.665111
0.850913
0.872148
0.327454
0.0344203
0.581761
1.01482
1.18253
0.96719
0.650821
-0.514622
-0.802289
0.0247118
-0.0949429
-1.40241
-1.55339
-0.757605
-0.0522276
0.477883
-0.0366981
-0.267481
0.549233
0.324879
-0.278963
0.564789
0.629135
1.14102
1.33056
1.14122
0.32788
-0.281834
-0.712796
-1.43745
-2.04647
-1.88706
-1.71583
-0.15915
0.93807
0.854692
0.252422
0.295769
0.43624
0.176508
-0.080288
1.18672
1.23951
0.561078
1.15728
1.0428
0.24053
-0.0936168
-0.698795
-1.66575
-2.20384
-1.75453
-1.20985
0.202861
0.996808
0.811709
0.745293
0.835494
0.634705
0.327658
-0.0790903
0.783533
0.706543
1.12949
0.779321
0.179609
-0.0032077
-0.575796
-1.33384
-1.90792
-2.27155
-1.43571
-1.08159
0.322458
1.03731
0.446822
0.574664
0.729475
0.479072
0.297926
0.0576561
0.985999
0.899357
1.39396
0.924126
0.0501039
-0.238412
-0.696508
-1.37651
-1.8859
-2.06739
-1.32524
-1.07464
0.367731
0.966737
0.578507
0.749001
0.993394
0.734475
0.510889
0.200659
0.956389
0.926959
1.3589
0.856004
-0.0544912
-0.092991
-0.707814
-1.45227
-1.7462
-2.07096
-1.425
-1.38231
0.0205551
1.04766
0.485844
1.00974
0.962383
0.567612
0.523729
0.189719
0.981081
0.858965
0.997646
0.651467
-0.205026
-0.22775
-0.718304
-1.39968
-1.61708
-1.93509
-1.36289
-1.41433
-0.130512
1.06931
0.459966
0.758889
0.918618
0.914894
0.762127
0.16738
0.814294
0.843308
1.02956
0.78381
0.0541217
-0.00245753
-0.80644
-1.46697
-1.65123
-1.9807
-1.40011
-1.35505
-0.0848588
1.06912
0.58555
1.00771
0.963343
0.760607
0.620905
0.119125
0.770539
0.847342
0.947786
0.83739
0.120689
-0.116284
-0.571807
-1.23856
-1.50491
-1.95475
-1.46912
-1.5455
-0.163662
1.0377
0.492564
0.724746
0.951229
0.890099
0.79529
0.294181
0.839035
0.944185
0.854582
0.703504
-0.0632015
-0.0902856
-0.80926
-1.41472
-1.56559
-1.98308
-1.24528
-0.333556
0.357211
0.65621
0.387826
0.693926
0.82964
0.90726
0.520702
-0.116179
0.636506
0.881896
1.17118
1.01503
0.383058
-0.105213
-0.805146
-1.34932
-1.7461
-2.11962
-1.52723
-1.53549
-0.32833
0.795799
0.424317
0.927511
0.953387
0.827954
0.718371
0.239229
0.767554
0.80561
1.03038
0.774853
0.0371228
0.0214351
-0.74983
-1.41719
-1.56217
-1.93974
-1.2366
-0.340013
0.442657
0.683779
0.394864
0.708598
0.817993
0.893988
0.576571
0.00769838
0.673604
0.841599
0.970287
0.826399
0.15855
-0.222257
-0.88516
-1.35328
-1.70635
-2.05539
-1.4942
-1.4843
-0.282808
0.915336
0.46384
0.663455
0.898438
1.02811
0.859387
0.211184
0.72243
0.902161
1.18185
0.953299
0.335018
-0.0931668
-0.779277
-1.33801
-1.68286
-1.98958
-1.22769
-0.398769
0.309204
0.561845
0.315659
0.680119
0.810663
0.870294
0.532395
-0.0341841
0.604883
0.833663
1.12425
0.906831
0.243468
-0.160152
-0.861031
-1.36828
-1.70678
-2.01701
-1.43407
-1.43948
-0.258454
0.892513
0.499604
0.910845
0.971529
0.897315
0.677781
0.122357
0.715983
0.815152
1.05691
0.863995
0.132441
0.0845503
-0.746431
-1.44059
-1.59726
-1.96083
-1.20992
-0.301404
0.446358
0.696041
0.38161
0.674771
0.807466
0.878512
0.542251
-0.0605289
0.618145
0.903705
1.1297
0.994212
0.378123
-0.123165
-0.814991
-1.3359
-1.74696
-2.13248
-1.55131
-1.52214
-0.318262
0.828634
0.378987
0.885947
0.879041
0.82404
0.670413
0.214814
0.754495
0.799184
1.06917
0.773102
0.0389352
0.0315325
-0.737852
-1.41305
-1.56414
-1.94277
-1.25238
-0.342265
0.438493
0.694363
0.379578
0.714546
0.819772
0.877998
0.578975
0.0116042
0.692019
0.865173
0.986269
0.827775
0.146116
-0.22725
-0.888303
-1.3406
-1.69605
-2.0413
-1.48717
-1.48155
-0.284334
0.922598
0.463276
0.66709
0.890148
1.01683
0.851384
0.213685
0.715025
0.904381
1.19756
0.947091
0.331893
-0.10001
-0.780332
-1.33724
-1.67882
-1.98851
-1.24415
-0.402981
0.300236
0.558791
0.30391
0.674123
0.806787
0.870368
0.533596
-0.0283167
0.616788
0.844654
1.13372
0.902855
0.237468
-0.165097
-0.863964
-1.36184
-1.69902
-2.00877
-1.43908
-1.44162
-0.259612
0.894324
0.50712
0.926785
0.964943
0.885484
0.658956
0.120691
0.7134
0.814328
1.07028
0.857093
0.131236
-0.10604
-0.739609
-1.31687
-1.63588
-1.95823
-1.1862
-0.324209
0.319161
0.625158
0.320353
0.608057
0.779716
0.890072
0.522743
-0.120051
0.555284
0.874214
1.18753
1.05883
0.446585
-0.14767
-0.847447
-1.37258
-1.78678
-2.08912
-1.47799
-1.4646
-0.266882
0.876492
0.432067
0.91695
0.910335
0.828324
0.706726
0.258837
0.792174
0.840406
1.03681
0.735648
0.0226505
0.0406178
-0.746775
-1.42332
-1.56443
-1.93745
-1.22416
-0.333356
0.443907
0.67962
0.376062
0.712417
0.819116
0.870962
0.577965
-0.00440452
0.67673
0.844111
1.02064
0.865117
0.220964
-0.168539
-0.855485
-1.3402
-1.67859
-2.0373
-1.47235
-1.46825
-0.255033
0.901592
0.510819
0.918185
0.936379
0.890929
0.617098
0.0620051
0.634704
0.776887
1.05594
0.8855
0.199282
-0.125844
-0.752743
-1.34791
-1.67912
-1.9712
-1.417
-1.34236
-0.120769
1.01229
0.450807
0.642419
0.947474
1.0151
0.863727
0.20008
0.73071
0.906062
1.02551
0.866968
0.169267
0.126998
-0.747068
-1.45415
-1.61075
-1.97606
-1.21733
-0.337764
0.411619
0.642309
0.357344
0.73125
0.814381
0.864237
0.554084
-0.0356845
0.685089
0.845199
0.962787
0.806693
0.0973527
-0.204339
-0.872281
-1.33176
-1.6785
-2.04973
-1.48644
-1.49754
-0.303065
0.899893
0.442935
0.684979
0.959398
1.07305
0.882904
0.222951
0.749938
0.832008
1.07618
0.862755
0.212574
-0.114577
-0.775776
-1.34906
-1.64107
-1.92344
-1.16182
-0.353851
0.321335
0.593938
0.289937
0.635497
0.771484
0.860633
0.552165
-0.0696785
0.59608
0.911804
1.1483
1.02819
0.390894
-0.130138
-0.835112
-1.34885
-1.75559
-2.08828
-1.25439
-0.396483
0.20916
0.488826
0.301053
0.685989
0.858293
0.899909
0.477647
-0.16104
0.53545
0.888238
1.22274
1.0639
0.446127
-0.11746
-0.813943
-1.3582
-1.74626
-2.06666
-1.25602
-0.393598
0.23174
0.503635
0.26934
0.614622
0.806139
0.887742
0.491756
-0.162088
0.52933
0.872844
1.21467
1.05793
0.446489
-0.160904
-0.851188
-1.36348
-1.75502
-2.05056
-1.47126
-1.43578
-0.262941
0.868806
0.430567
0.761096
0.960632
0.904373
0.84865
0.272868
0.740043
0.868181
0.971804
0.692984
0.0181209
0.00726708
-0.768783
-1.41671
-1.56194
-1.9291
-1.22289
-0.34089
0.414548
0.670918
0.337892
0.675429
0.793748
0.863728
0.565967
-0.00595339
0.695048
0.859568
1.02884
0.841672
0.196117
-0.18059
-0.865055
-1.34464
-1.68148
-2.03994
-1.474
-1.47589
-0.254822
0.905006
0.525535
0.94127
0.94405
0.88924
0.620568
0.072563
0.645543
0.777218
1.12786
0.898028
0.251161
-0.0815471
-0.726313
-1.34401
-1.65867
-1.95293
-1.16377
-0.316706
0.356804
0.59898
0.564559
0.53868
0.558997
0.569753
0.530059
0.0447032
0.649745
0.842222
1.04526
0.884688
0.263224
-0.202388
-0.872667
-1.37409
-1.71829
-2.02833
-1.4517
-1.43262
-0.20634
0.96469
0.547215
0.92962
1.00854
0.97551
0.679004
0.121455
0.652382
0.810934
1.02369
0.928551
0.286355
0.118033
-0.47994
-1.23409
-1.51049
-1.96825
-1.25125
-0.356779
0.463639
0.630134
0.58414
0.540369
0.398124
0.449419
0.56246
0.193038
0.814756
0.947866
0.914787
0.755947
0.0149758
-0.285109
-0.877332
-1.33249
-1.70612
-2.09682
-1.53579
-1.5836
-0.312974
0.967188
0.487555
0.733548
1.02697
1.13024
0.859815
0.215116
0.746142
0.84919
1.07562
0.861888
0.186888
-0.118535
-0.772851
-1.35179
-1.63802
-1.93238
-1.18886
-0.364701
0.34278
0.660258
0.342802
0.608836
0.75146
0.873595
0.534085
-0.0967131
0.565882
0.882107
1.15229
1.04527
0.423011
-0.150117
-0.85276
-1.36086
-1.77782
-2.09806
-1.25828
-0.396027
0.222511
0.483765
0.30344
0.698343
0.87714
0.914737
0.489724
-0.157434
0.530724
0.889758
1.20416
1.03097
0.433727
-0.133969
-0.820624
-1.36261
-1.74339
-2.05673
-1.45988
-1.42619
-0.233589
0.877538
0.432112
0.777382
0.97627
0.895304
0.847572
0.25595
0.740451
0.852313
0.961507
0.723914
0.0400698
0.0359235
-0.771282
-1.43306
-1.57949
-1.94457
-1.22513
-0.342859
0.424769
0.655236
0.358663
0.711851
0.811568
0.879587
0.571802
-0.00543751
0.690058
0.854091
1.01681
0.836272
0.180713
-0.162986
-0.848504
-1.33608
-1.67108
-2.04591
-1.47003
-1.4896
-0.274887
0.88955
0.501612
0.914404
0.974466
0.922885
0.650547
0.0767822
0.652337
0.775544
0.936825
0.961594
0.242303
0.0189012
-0.528596
-1.23138
-1.50542
-1.9655
-1.44356
-1.5118
-0.112135
1.0706
0.56139
0.722036
0.966661
0.937442
0.804062
0.305158
0.790589
0.9425
0.899304
0.711569
-0.0522279
-0.102198
-0.815174
-1.41579
-1.57476
-2.00637
-1.29044
-0.368741
0.346613
0.642696
0.373896
0.71138
0.833844
0.900937
0.519208
-0.106137
0.641165
0.788241
1.04626
0.877909
0.259435
-0.126047
-0.834632