-0.0270721
-0.066154
-0.0506757
-0.0630975
0.0605718
0.0645958
0.0379411
-0.0306081
-0.0181708
-0.0189574
-0.0306723
-0.00231247
0.0236229
-0.0243465
-0.0134075
-0.0101708
-0.00971016
-0.0298735
-0.0301742
-0.0491037
-0.0176333
-0.00494109
0.0197823
0.015374
0.0252259
0.0317334
0.0145753
0.0479817
0.0529009
0.0398591
0.0167008
0.0131257
0.000866245
-0.0374551
-0.0332317
-0.0182361
0.00414361
-0.0196576
-0.0095352
-0.0122032
-0.00786359
-0.00874231
0.00710764
0.0562591
0.0495744
0.0752542
0.0258223
0.0290017
0.0221582
0.0163597
0.0104722
0.00424463
-0.0093588
-0.0373894
-0.0298743
-0.027526
-0.0095552
0.00367104
0.000970357
-0.0112663
-0.0184761
-0.0146303
-0.00244853
0.0447631
0.0402131
0.0811751
0.0308765
0.0325406
0.0256413
-0.0103493
0.00423718
-0.00232186
-0.0102942
-0.0423497
-0.0331681
-0.027067
-0.0102149
0.00256322
-0.00393126
-0.0197548
-0.0201364
-0.0127362
-0.00221651
0.043374
0.0381126
0.0749507
0.0318931
0.0328121
0.0263901
-0.0113133
0.00303545
-0.00314984
-0.0119004
-0.0448738
-0.0340881
-0.0286352
-0.00889198
0.0041205
0.00178187
-0.0105808
-0.0137544
-0.013149
-0.0247123
0.0483374
0.102757
0.0683399
0.0784159
-0.00393904
-0.0194842
-0.0460328
-0.0483942
-0.0364323
-0.0270029
-0.0455652
-0.0576335
-0.0155355
-0.0237195
-0.0067002
-0.00777342
-0.0107709
-0.0112054
0.0227001
0.0537011
0.0730542
0.0635201
0.0554308
0.0549912
0.0504011
0.0294855
-0.0185941
-0.0319902
-0.0339835
-0.0325108
-0.059573
-0.0494521
0.0144585
-0.0701244
-0.0708668
-0.0343673
-0.00135623
0.0382974
0.0745823
0.087263
0.0747871
0.0355622
0.0791548
0.0926484
0.0713866
0.00399574
-0.0200875
-0.0270699
-0.0396523
-0.048098
-0.065829
-0.0279731
-0.0512271
-0.0898283
-0.0707778
-0.0412843
-0.0133226
-0.000603758
0.0251759
0.0444322
0.0432467
0.0537354
0.111263
0.0604478
0.0508853
0.0506023
0.00961783
-0.011286
-0.0279108
-0.0400201
-0.0535594
-0.0375363
-0.041348
-0.0881705
-0.0655081
-0.0236129
0.00666171
0.012067
0.0291391
0.0473898
0.0469622
0.0547286
0.116832
0.0677375
0.0494665
0.0491589
0.0113003
-0.00704602
-0.0248071
-0.0392976
-0.0624533
-0.0434357
-0.0465224
-0.0866762
-0.0681312
-0.0270089
0.00349484
0.0192844
0.0216254
0.0416691
0.0522566
0.0775118
0.0518156
0.0124539
0.0300551
0.0301812
0.00848253
-0.0073421
-0.0243318
-0.0256851
-0.0492765
-0.0380107
-0.0399375
-0.080835
-0.055966
-0.0102896
0.0199867
0.0253992
0.0236918
0.0484419
0.0640898
0.0940269
0.0601406
0.0109108
0.0233159
-0.0125334
-0.00834151
-0.0173292
-0.034008
-0.0300289
-0.0432489
-0.0237949
-0.0208568
-0.0548952
-0.0370259
0.0010734
0.0225085
0.0242589
0.024149
0.0449507
0.0623929
0.0883572
0.0639171
0.0191956
0.0295607
0.0126099
0.00946775
-0.00854901
-0.0310355
-0.0286233
-0.0465353
-0.0372498
-0.0424791
-0.063548
-0.0427431
0.0111498
0.0288663
0.0339331
0.035131
0.0535065
0.0617836
0.0882199
0.0575215
0.0118058
0.022449
-0.00757461
-0.00607473
-0.0151488
-0.0313635
-0.0282194
-0.04389
-0.0351419
-0.0337779
-0.0656769
-0.0440564
-0.000213657
0.0253378
0.026112
0.0268208
0.0597147
0.0501651
0.132954
0.0638713
0.0296604
0.0251784
0.0023803
-0.00270919
-0.0207828
-0.0308146
-0.0304879
-0.0451933
-0.0285593
-0.025646
-0.0545667
-0.0445806
-0.00931966
0.0145091
0.00885507
0.0244699
0.0515988
0.0612955
0.0887418
0.0639635
0.0212558
0.0260827
0.0263724
0.00257893
-0.0119192
-0.0323995
-0.0336227
-0.0498676
-0.0474979
-0.0374334
-0.060612
-0.0434526
-0.00105514
0.0185638
0.022627
0.0241742
0.0515374
0.0412127
0.121851
0.0591508
0.0302103
0.0271418
0.00288445
-0.00370148
-0.0221035
-0.0293961
-0.0303368
-0.0470963
-0.0302696
-0.0339925
-0.0624419
-0.0476947
-0.0114439
0.0152827
0.00200019
0.0167682
0.0475801
0.0618317
0.0890596
0.061968
0.013799
0.0251806
-0.0117514
-0.0125526
-0.0182149
-0.0356139
-0.0356651
-0.0417216
-0.0264033
-0.0114938
-0.0365493
-0.0301796
0.00225251
0.0221487
0.0168428
0.0334142
0.0600917
0.0420313
0.127232
0.0603849
0.0356815
0.0313999
-0.00013103
-0.00588836
-0.0197641
-0.0281942
-0.0293089
-0.0497343
-0.0331226
-0.0290248
-0.0562496
-0.0420693
-0.00428093
0.0207529
0.00892688
0.0233276
0.0484092
0.0586704
0.0834338
0.0616717
0.0164027
0.0246605
0.00255738
-0.00338738
-0.0181829
-0.0373034
-0.0363553
-0.0488584
-0.0373365
-0.0335418
-0.0593158
-0.0422812
-0.000262077
0.0212718
0.0241961
0.0254317
0.051303
0.0393187
0.123185
0.0599634
0.032353
0.0290351
0.00141751
-0.00632272
-0.0218525
-0.0285688
-0.0290763
-0.0463001
-0.0291918
-0.023208
-0.0532106
-0.042885
-0.00852643
0.0143251
0.00841367
0.0241864
0.0525812
0.0626749
0.0886711
0.0619479
0.0188027
0.0260404
0.0261371
0.00409081
-0.0119213
-0.0306553
-0.0320705
-0.0499367
-0.04607
-0.0342659
-0.0584496
-0.0413271
-3.67723e-05
0.0188643
0.0229875
0.0241276
0.0492268
0.0394118
0.119749
0.056823
0.0288468
0.0270445
0.00174878
-0.00446951
-0.0225306
-0.0295701
-0.0308036
-0.0458848
-0.0285204
-0.0330714
-0.0617603
-0.0467511
-0.0112542
0.0153376
0.00143974
0.0155268
0.0463734
0.0609358
0.0883611
0.061882
0.0144192
0.0257928
-0.0115845
-0.0119378
-0.0174166
-0.0348556
-0.0349968
-0.0412626
-0.0251495
-0.00992364
-0.0353769
-0.0293899
0.00270525
0.0221807
0.0164511
0.0320367
0.0578837
0.0410219
0.125836
0.0597368
0.0355504
0.031614
-0.000324713
-0.00580647
-0.0195394
-0.0276843
-0.0292177
-0.048579
-0.0317602
-0.0277444
-0.0552475
-0.0414468
-0.0041635
0.0206478
0.00822928
0.0219084
0.0473078
0.0581083
0.0830064
0.0614573
0.0164877
0.0247997
0.00277346
-0.00319721
-0.0182821
-0.0370504
-0.0362417
-0.0484297
-0.0359897
-0.032004
-0.0581978
-0.0415303
-0.00538097
0.0214595
0.0148293
0.0278738
0.0584607
0.0413531
0.126451
0.0578644
0.0323755
0.0283813
-0.000762983
-0.0091429
-0.0231267
-0.0305497
-0.0314488
-0.0459207
-0.0267126
-0.0215005
-0.0505449
-0.0415612
-0.00775464
0.0130115
0.00524933
0.0232813
0.0504308
0.0590971
0.0860723
0.0618316
0.0189307
0.0268439
0.0278806
0.00722045
-0.00764455
-0.0282472
-0.0300364
-0.0479898
-0.0443969
-0.0347371
-0.0599133
-0.0421963
-0.000975892
0.018339
0.0235727
0.0253778
0.0512379
0.0403512
0.120765
0.057094
0.0287563
0.0270152
0.00222602
-0.00492557
-0.0230327
-0.0308517
-0.0314591
-0.0469399
-0.0302555
-0.0270436
-0.0559345
-0.0419474
-0.00444817
0.0200166
0.00754648
0.0214246
0.047631
0.0603442
0.0876635
0.0635605
0.0181223
0.0248791
0.00196453
-0.00396744
-0.0190632
-0.0374544
-0.037413
-0.0518829
-0.0399617
-0.0338889
-0.058453
-0.040928
-0.00310382
0.0223367
0.0152619
0.0287022
0.0584223
0.0675941
0.0948076
0.0652531
0.0173084
0.0277383
-0.00705362
-0.00838393
-0.0152546
-0.0315135
-0.030938
-0.0457345
-0.0353189
-0.0255351
-0.0516552
-0.0348443
0.00469086
0.023217
0.0274036
0.0305093
0.0562789
0.0441817
0.120402
0.0556988
0.0279487
0.0257278
0.00270137
-0.00200021
-0.0217801
-0.0287887
-0.0291074
-0.0462069
-0.0314018
-0.037195
-0.0641245
-0.0468849
-0.0104253
0.018056
0.00656869
0.0226476
0.053882
0.0681212
0.091857
0.064355
0.0145075
0.0238832
-0.0124298
-0.0148958
-0.0201798
-0.0379202
-0.038317
-0.0438463
-0.0285614
-0.0165983
-0.0430115
-0.0323175
0.00424578
0.0270884
0.0183538
0.0302689
0.0563235
0.037678
0.120592
0.0545239
0.0316116
0.0279142
-0.00123686
-0.00834251
-0.0233934
-0.0296711
-0.0307374
-0.045291
-0.0285038
-0.0212042
-0.0482538
-0.0373387
-0.00516742
0.0161915
0.010817
0.0296701
0.0572708
0.0404142
0.121181
0.0518208
0.0289964
0.0229441
-0.00806105
-0.0130834
-0.0243938
-0.0310586
-0.0329865
-0.0451171
-0.0309345
-0.0256475
-0.0513591
-0.0417827
-0.00657321
0.0140928
0.00667727
0.0230725
0.0502962
0.0339393
0.11832
0.0499623
0.0295054
0.0232758
-0.00810967
-0.0146333
-0.0249857
-0.0302512
-0.0321766
-0.0433685
-0.0274739
-0.023121
-0.0509966
-0.0421035
-0.00741005
0.0127863
0.00279976
0.0191589
0.0472781
0.0558772
0.0834856
0.0615078
0.0199132
0.0277697
0.0155512
0.00171765
-0.0102372
-0.0322339
-0.0326979
-0.042194
-0.0382895
-0.0289614
-0.0557756
-0.038824
0.00202896
0.0205368
0.0225792
0.0237519
0.049483
0.0415139
0.120461
0.0568818
0.0286991
0.0272136
0.00368621
-0.00303178
-0.0216763
-0.0295365
-0.0303509
-0.044764
-0.0278436
-0.0259295
-0.0551669
-0.0410817
-0.00368441
0.0211468
0.00794663
0.021201
0.047205
0.0597532
0.0871922
0.0633685
0.0176381
0.0248841
0.00169412
-0.00471784
-0.0195875
-0.0375951
-0.0376868
-0.0508991
-0.0373441
-0.0251484
-0.0506491
-0.0369805
0.00330354
0.0269419
0.0198263
0.0322655
0.0556674
0.0334359
0.118306
0.0523528
0.0313844
0.0471387
0.0125135
-0.00115353
-0.0203704
-0.0326423
-0.03339
-0.0542647
-0.0386316
-0.0308049
-0.056763
-0.0411769
-0.0038136
0.0190756
0.00662113
0.0212931
0.0481783
0.057856
0.0873199
0.0639269
0.0169839
0.0236785
0.00195333
-0.00497273
-0.0176208
-0.0360198
-0.0363402
-0.0520629
-0.0398826
-0.039091
-0.0551177
-0.0372391
0.0136588
0.0287977
0.0339534
0.0369894
0.051557
0.0344623
0.115567
0.0509536
0.0311908
0.0490724
0.0147174
0.000607009
-0.0193306
-0.0324922
-0.0333014
-0.0583204
-0.0452617
-0.0416671
-0.0709279
-0.0489466
-0.0120429
0.0164611
0.00737329
0.0245822
0.0554859
0.0700631
0.0929186
0.0638933
0.0122859
0.0203121
-0.0127899
-0.0177716
-0.0202608
-0.0358054
-0.0388578
-0.0464318
-0.0324269
-0.025974
-0.0511001
-0.037144
-0.001265
0.0242071
0.0160525
0.0260696
0.056351
0.0416717
0.127866
0.0592112
0.0319744
0.0278161
0.00136931
-0.00653279
-0.0228497
-0.0304102
-0.0312045
-0.0461422
-0.0280846
-0.0213536
-0.0491575
-0.0391183
-0.00687683
0.0142761
0.00822066
0.0284468
0.0553237
0.0373801
0.118776
0.0508406
0.0298886
0.0242697
-0.0074038
-0.0123351
-0.0219662
-0.0289322
-0.0314496
-0.0430611
-0.0301969
-0.0261554
-0.0530137
-0.0423024
-0.00613751
0.0145146
0.00594912
0.0218977
0.0497444
0.0589369
0.0860462
0.0621249
0.0188111
0.0262438
0.0143201
-0.00131482
-0.0130946
-0.0353775
-0.0346392
-0.0451344
-0.0415522
-0.0305677
-0.0559257
-0.0392014
0.00115783
0.019675
0.0224195
0.0250263
0.0518852
0.0427641
0.120403
0.057372
0.0288566
0.0267016
0.00411162
-0.00177785
-0.0212333
-0.0289503
-0.0296838
-0.0456178
-0.0300116
-0.0278306
-0.0562027
-0.0413426
-0.00378599
0.0219364
0.0104151
0.0243257
0.0501671
0.0620222
0.0883836
0.0641114
0.0176449
0.0240955
0.000364939
-0.00638445
-0.0210036
-0.03936
-0.0389384
-0.0519627
-0.0398639
-0.0440551
-0.0612201
-0.0416842
0.0129717
0.0298947
0.0308925
0.0317078
0.0499686
0.0619721
0.0900161
0.0604513
0.0162179
0.0223085
-0.00683309
-0.00583361
-0.0141724
-0.0301369
-0.0264609
-0.046696
-0.0379227
-0.0349711
-0.0655937
-0.0450386
-0.000514066
0.0241987
0.026381
0.0288159
0.0614157
0.0508708
0.131588
0.0616394
0.0278533
0.0247397
0.0018716
-0.00243567
-0.0210747
-0.0308867
-0.0304407
-0.0457119
-0.03196
-0.0322087
-0.0584314
-0.0452857
-0.00521869
0.0217349