0.162809
0.228471
-0.0635275
-0.189551
-0.168063
0.0133268
0.1285
0.203861
0.171532
0.13021
0.0931633
0.167442
0.251677
-0.0113509
-0.135922
-0.194388
-0.14962
0.00784879
-0.0387002
-6.90298e-05
0.136094
0.194564
0.219854
0.0785955
0.115366
0.375325
0.457359
0.436788
0.291249
0.191217
0.22717
0.160869
0.172833
-0.214744
-0.510532
-0.570652
-0.415943
-0.311095
-0.17793
-0.114501
-0.0514458
-0.0459598
0.0390591
0.109868
0.0445685
0.173236
0.296482
0.363176
0.301521
0.164496
0.152869
0.169567
0.166735
-0.129128
-0.352182
-0.497389
-0.27552
-0.253562
-0.156634
-0.106187
-0.0221885
-0.0396697
0.121103
0.159457
0.0969758
0.187767
0.289327
0.311439
0.209848
0.0962737
0.0826248
0.111783
0.119864
-0.207912
-0.400878
-0.414968
-0.179365
-0.180639
-0.130392
-0.0903271
-0.0198839
-0.0448664
0.117646
0.163391
0.090184
0.205491
0.295941
0.341584
0.251494
0.138626
0.11379
0.130902
0.13601
-0.193743
-0.399012
-0.429894
-0.194543
-0.1888
-0.133152
-0.0903202
-0.0157916
0.065112
0.291794
0.292717
0.266376
0.180855
0.224476
0.327221
0.257355
0.158785
0.0924544
0.0927996
0.143473
-0.213332
-0.44365
-0.320684
-0.194091
-0.219906
-0.182027
-0.0222352
0.104227
0.0964743
0.19322
0.105487
0.0735813
0.0421077
0.0758749
0.235453
0.165745
0.0637238
0.105061
0.0615911
-0.0677921
-0.397613
-0.297346
-0.0663746
0.126558
0.15858
0.188424
0.175323
0.125928
0.0761142
0.0751465
0.0528889
-0.10873
-0.0702978
0.0808166
0.221534
0.156554
0.111101
0.100708
0.0651991
-0.0617235
-0.449629
-0.498166
-0.145594
0.0418404
0.0465512
-0.0411559
-0.102591
-0.0522066
-0.044019
-0.0106476
0.0270327
-0.110735
0.116602
0.288869
0.284887
0.296573
0.243322
0.206258
0.0857575
-0.0556315
-0.47592
-0.577623
-0.228891
-0.0240566
0.0306753
-0.00493233
-0.0691656
-0.0173374
0.0248096
0.103099
0.105578
-0.0468112
0.198613
0.320638
0.265739
0.284758
0.233764
0.19804
0.0972719
-0.0368475
-0.488661
-0.574212
-0.274742
-0.0861649
-0.0179858
0.000955717
-0.116288
-0.0840964
-0.0351636
0.0629958
0.0978808
0.0182995
0.234506
0.280759
0.308311
0.335417
0.288937
0.274171
0.14595
0.0113916
-0.435542
-0.579584
-0.367557
-0.21489
-0.139874
-0.110949
-0.214463
-0.16386
-0.104884
-0.0144926
0.0469922
0.00496932
0.231303
0.281289
0.313608
0.309754
0.266553
0.238589
0.18959
0.0295545
-0.415281
-0.571205
-0.311827
-0.14462
-0.075912
-0.0341534
-0.120859
-0.0689443
-0.0168261
0.0707323
0.100818
0.0207327
0.217143
0.2221
0.242035
0.25659
0.19481
0.203573
0.135179
-0.0267307
-0.466691
-0.590536
-0.274979
-0.0971132
0.00906666
0.00170673
-0.115185
-0.0812414
-0.0344136
0.0382633
0.0648504
0.0269899
0.246884
0.306818
0.327632
0.318812
0.276862
0.262188
0.216919
0.042379
-0.395828
-0.535575
-0.279607
-0.134129
-0.0989074
-0.0690213
-0.168641
-0.116109
-0.0646378
0.0334303
-0.0057892
0.166433
0.249131
0.184388
0.243978
0.210439
0.170542
0.144405
0.056139
-0.124083
-0.533577
-0.654367
-0.295855
-0.0883613
-0.0313256
-0.0718158
-0.118306
-0.0598451
0.0023722
0.0823342
0.0874049
0.0400083
0.273942
0.301221
0.279279
0.309214
0.269681
0.255675
0.112444
-0.0426319
-0.472544
-0.597818
-0.28606
-0.101554
-0.0391758
0.000914003
-0.096147
-0.0510031
0.00646694
0.105498
0.0450144
0.199365
0.288107
0.222149
0.282761
0.232753
0.197965
0.176389
0.0838957
-0.100206
-0.504868
-0.653906
-0.363701
-0.197045
-0.120552
-0.154825
-0.193824
-0.114477
-0.049592
0.0369889
0.0598417
0.0259863
0.25822
0.281897
0.28425
0.290927
0.24689
0.218293
0.154511
-0.00773839
-0.437108
-0.563968
-0.228351
-0.0279125
0.00905011
-0.0271229
-0.0800912
-0.0274443
0.0400904
0.123583
0.0447038
0.211261
0.314857
0.243955
0.287835
0.230315
0.202945
0.178575
0.0842777
-0.0892607
-0.486473
-0.636228
-0.30052
-0.113138
-0.0409468
-0.0773971
-0.12057
-0.0604168
-0.00108166
0.0747939
0.0776551
0.00425594
0.228629
0.244226
0.230905
0.260975
0.200445
0.19609
0.114704
-0.0516805
-0.491033
-0.608378
-0.291971
-0.0993202
-0.0363533
-0.00579094
-0.106252
-0.0647366
-0.00928241
0.0845882
0.0252416
0.179214
0.278767
0.21559
0.271637
0.226393
0.191333
0.165665
0.0706792
-0.112413
-0.514109
-0.644535
-0.297913
-0.0971043
-0.0385972
-0.0823679
-0.126378
-0.064391
-0.00108339
0.0826295
0.09206
0.0564648
0.29195
0.32074
0.297453
0.323226
0.283024
0.268305
0.127853
-0.0251062
-0.459431
-0.590116
-0.285956
-0.104878
-0.0411805
-0.0010128
-0.100339
-0.054686
0.00305013
0.100991
0.040168
0.192025
0.287144
0.223911
0.287324
0.237579
0.203288
0.180547
0.0844447
-0.10205
-0.506391
-0.661711
-0.374636
-0.209499
-0.131985
-0.162359
-0.197545
-0.117408
-0.0536249
0.0334388
0.0560355
0.0250666
0.261737
0.288916
0.29085
0.29655
0.248533
0.219847
0.157207
-0.00239339
-0.432982
-0.564459
-0.234547
-0.0363207
0.00242101
-0.0307462
-0.0821533
-0.0285871
0.0394123
0.124054
0.0453473
0.21033
0.316834
0.246784
0.292533
0.234876
0.206151
0.181398
0.0855097
-0.0887072
-0.486059
-0.641612
-0.308796
-0.123389
-0.0509624
-0.0843873
-0.125091
-0.0634455
-0.00395425
0.0727089
0.0760954
0.00404827
0.230719
0.24866
0.236168
0.262543
0.199858
0.196806
0.11664
-0.0484334
-0.487507
-0.607652
-0.296295
-0.105699
-0.0410144
-0.0804549
-0.140852
-0.0822173
-0.00893424
0.0762938
0.00555871
0.170274
0.288592
0.227696
0.2673
0.220394
0.193084
0.164578
0.0637507
-0.114378
-0.500253
-0.627893
-0.28505
-0.0841827
-0.0296203
-0.0730598
-0.107949
-0.0361111
0.0308808
0.114757
0.12126
0.071383
0.291833
0.301528
0.28289
0.30796
0.270649
0.262675
0.124765
-0.0299905
-0.463251
-0.592597
-0.282714
-0.103054
-0.0420416
-0.00486644
-0.102817
-0.0597389
-0.00597977
0.0927787
0.0348105
0.18523
0.279275
0.217936
0.28125
0.229688
0.198577
0.176084
0.0805609
-0.106135
-0.508584
-0.65798
-0.320068
-0.136913
-0.0610611
-0.0951917
-0.134022
-0.0714361
-0.0163617
0.0605956
0.070992
0.000968911
0.227585
0.241907
0.224256
0.253031
0.189069
0.185518
0.106653
-0.0549391
-0.484156
-0.601422
-0.286026
-0.0999684
-0.0320933
-0.0723013
-0.132244
-0.0722974
0.00474846
0.0921468
0.114414
0.0791403
0.295967
0.311236
0.305165
0.306973
0.276033
0.25408
0.196337
0.0290573
-0.395212
-0.526586
-0.234709
-0.0619481
-0.018597
0.0108063
-0.0940102
-0.0556794
-0.00682555
0.0860059
0.0260131
0.17095
0.263968
0.20654
0.277514
0.228129
0.193582
0.165381
0.0678339
-0.12148
-0.526752
-0.663223
-0.349656
-0.175133
-0.101199
-0.140126
-0.190105
-0.120748
-0.059271
0.0271244
0.0519319
0.0178847
0.261431
0.285805
0.275646
0.285112
0.242713
0.214111
0.150724
-0.0130463
-0.445915
-0.580754
-0.255995
-0.0629868
-0.00492073
-0.0382488
-0.090984
-0.0424703
0.0212872
0.101926
0.0173192
0.171748
0.286036
0.227711
0.273823
0.223592
0.198135
0.169581
0.0661316
-0.11694
-0.498673
-0.619712
-0.261085
-0.0569783
-0.0105557
-0.0582651
-0.100686
-0.0397996
0.0260239
0.110278
0.0275046
0.195796
0.300637
0.226886
0.249905
0.207204
0.170919
0.136007
0.0327491
-0.132308
-0.517527
-0.644703
-0.285593
-0.0865044
-0.0278157
-0.0689345
-0.112693
-0.0480538
0.0213672
0.100576
0.0138942
0.179793
0.301776
0.240045
0.266781
0.220723
0.186314
0.143866
0.0417212
-0.126859
-0.50674
-0.648473
-0.308599
-0.112095
-0.046785
-0.0835613
-0.116385
-0.0411789
0.028125
0.10996
0.1116
0.0679209
0.294269
0.314997
0.300895
0.354188
0.274039
0.246162
0.158216
0.00474304
-0.416623
-0.568842
-0.288024
-0.124306
-0.0672437
-0.0236911
-0.117226
-0.0701528
-0.0168317
0.0810837
0.0252778
0.172535
0.271793
0.214305
0.284749
0.236126
0.202461
0.178794
0.0842503
-0.105178
-0.509517
-0.663892
-0.328087
-0.146588
-0.0693348
-0.100916
-0.139815
-0.0764845
-0.0220101
0.0561958
0.0677934
-0.00186207
0.226777
0.24171
0.225035
0.252661
0.188388
0.185619
0.106962
-0.0534836
-0.483629
-0.604711
-0.249417
-0.0456547
0.019722
-0.0175317
-0.0792797
-0.0335366
0.0324077
0.111085
0.0222716
0.179887
0.303237
0.244551
0.289199
0.244977
0.235458
0.148872
0.0567688
-0.123942
-0.514106
-0.647113
-0.297862
-0.111107
-0.0407084
-0.0764921
-0.114227
-0.0488892
0.0132567
0.0966289
0.105359
0.0321801
0.245257
0.237835
0.211706
0.253298
0.193963
0.18869
0.108236
-0.0530386
-0.482962
-0.599098
-0.211056
-0.0259053
0.0711598
0.0580905
-0.0563285
-0.0338238
0.00426839
0.0790418
-0.00435739
0.137644
0.273874
0.23779
0.313351
0.254333
0.262445
0.189933
0.0994065
-0.092948
-0.49306
-0.620797
-0.310838
-0.13661
-0.0798017
-0.12363
-0.17383
-0.107201
-0.0488988
0.0481064
0.0788064
0.0431561
0.28331
0.290585
0.266018
0.283782
0.24316
0.208542
0.142716
-0.0170484
-0.448893
-0.581117
-0.292976
-0.121323
-0.0573937
-0.0875856
-0.145674
-0.0863499
-0.0144506
0.0690886
-0.00315084
0.160246
0.276563
0.221919
0.271459
0.224399
0.198326
0.174355
0.0746761
-0.109355
-0.489488
-0.608328
-0.259638
-0.053819
-0.00840395
-0.0558952
-0.0936759
-0.0269023
0.0393014
0.124253
0.0396879
0.199986
0.301885
0.225358
0.247669
0.204005
0.168933
0.125712
0.0218732
-0.140279
-0.521935
-0.653233
-0.294203
-0.0983247
-0.033496
-0.0725072
-0.115408
-0.0478922
0.019766
0.0998643
0.106021
0.0592477
0.288251
0.310809
0.29494
0.34986
0.274313
0.246948
0.158488
0.00483294
-0.415283
-0.55906
-0.271722
-0.10255
-0.0499245
-0.00850752
-0.104211
-0.0597766
-0.00595399
0.0930237
0.0349511
0.182898
0.274623
0.213559
0.283296
0.231614
0.196941
0.171766
0.0781452
-0.111121
-0.5157
-0.661393
-0.31541
-0.129074
-0.0537627
-0.088875
-0.134358
-0.0786464
-0.0250372
0.0523052
0.062561
-0.00637969
0.225683
0.242028
0.220768
0.254626
0.192064
0.18419
0.104884
-0.0587545
-0.490415
-0.60429
-0.261969
-0.0889188
0.0150512
0.0105628
-0.107314
-0.0655463
-0.0137848
0.0582024
0.0792951
0.045097
0.263474
0.31471
0.328635
0.318362
0.280213
0.262067
0.2215
0.0536735
-0.373576
-0.507279
-0.250293
-0.104208
-0.0795263
-0.0541792
-0.160736
-0.114157
-0.0620188
0.0363949
-0.00343719
0.169097
0.251394
0.188072
0.25107
0.216291
0.172726
0.142582
0.0543781
-0.127693
-0.540704
-0.677138
-0.326245
-0.13594
-0.0515107
-0.0852667
-0.132979