8.80807e-05
0.000280591
0.000460428
0.000548735
0.000521216
0.000382888
0.000220502
6.76043e-05
1.57116e-05
5.20561e-05
0.000116186
0.000132515
6.41491e-05
-9.35165e-05
-0.00029823
-0.00052879
-0.000768327
-0.000976347
-0.00114528
-0.00131871
-0.00151388
-0.0017154
-0.00190813
-0.00208872
-0.00225674
-0.00248291
-0.00277468
-0.00309425
-0.0034038
-0.00369274
-0.00398603
-0.00430068
-0.00463696
-0.00499879
-0.00537886
-0.0057743
-0.00620866
-0.00663194
-0.00700678
-0.00742258
-0.00789491
-0.00840358
-0.0089413
-0.00953995
-0.0101855
-0.0108684
-0.0116025
-0.0123347
-0.0130145
-0.0136273
-0.0141868
-0.0147194
-0.0152465
-0.0158051
-0.0164116
-0.0170162
-0.0176285
-0.0181712
-0.0186663
-0.0191953
-0.0197452
-0.020286
-0.0208207
-0.0213879
-0.021972
-0.0226019
-0.0232601
-0.0239172
-0.0245275
-0.0250716
-0.0255792
-0.0260717
-0.0265582
-0.0270733
-0.0276299
-0.0281815
-0.0287292
-0.0291935
-0.0296059
-0.0300438
-0.0304954
-0.0309355
-0.0313648
-0.0318245
-0.0322999
-0.0328082
-0.0333537
-0.0338961
-0.0343887
-0.0348088
-0.0351806
-0.0355275
-0.0358617
-0.0362172
-0.0366065
-0.036989
-0.0373713
-0.0376745
-0.037925
-0.0381959
-0.0384788
-0.0386518
-0.0386558
-0.0385716
-0.0384208
-0.0381795
-0.0378317
-0.037348
-0.0366633
-0.0357805
-0.0347211
-0.0335088
-0.0321622
-0.0306968
-0.0291763
-0.0275866
-0.0258717
-0.0239578
-0.0218432
-0.0195263
-0.016985
-0.0142269
-0.0112715
-0.00817061
-0.00495608
-0.00165847
0.0016662
0.00509727
0.00863856
0.0123354
0.0162166
0.0202907
0.0245819
0.0290197
0.0334977
0.0380907
0.0427126
0.0474048
0.0522534
0.0573106
0.0625964
0.0681049
0.0738225
0.079672
0.0856245
0.0916066
0.0976023
0.103625
0.109724
0.115921
0.122242
0.128729
0.135426
0.142276
0.149127
0.156025
0.162872
0.169715
0.176623
0.183647
0.190794
0.198058
0.20545
0.212924
0.220487
0.228082
0.235614
0.243123
0.250626
0.258172
0.265821
0.273617
0.281597
0.289704
0.297811
0.305924
0.313947
0.321941
0.329965
0.338074
0.346281
0.354577
0.362972
0.371428
0.379972
0.388531
0.397003
0.40544
0.413865
0.422311
0.430835
0.439489
0.448314
0.45726
0.466217
0.475129
0.483944
0.492704
0.501469
0.510306
0.51923
0.528231
0.537302
0.546404
0.555604
0.564799
0.573892
0.582922
0.591913
0.600922
0.610015
0.619242
0.628643
0.638153
0.647688
0.657152
0.666526
0.675832
0.68512
0.69446
0.703873
0.713345
0.722874
0.732427
0.742065
0.751681
0.761172
0.770577
0.779932
0.789279
0.798662
0.808132
0.817746
0.827469
0.837223
0.846915
0.856486
0.865978
0.875446
0.884954
0.894521
0.904135
0.913798
0.923484
0.933244
0.942997
0.95263
0.962184
0.971691
0.981194
0.990734
1.00036
1.01013
1.02
1.02989
1.0397
1.04937
1.05894
1.06847
1.07803
1.08766
1.09734
1.10707
1.11682
1.12666
1.13648
1.1462
1.15584
1.16545
1.17506
1.18473
1.19449
1.20441
1.21444
1.22451
1.2345
1.24439
1.25419
1.26397
1.27379
1.28368
1.29361
1.30359
1.31359
1.32362
1.33358
1.34347
1.3533
1.36308
1.37287
1.3827
1.39262
1.40269
1.41286
1.42303
1.43313
1.44306
1.45289
1.46267
1.47247
1.48231
1.49218
1.50208
1.51202
1.52204
1.53204
1.5419
1.55168
1.5614
1.5711
1.58085
1.59068
1.60065
1.6107
1.62076
1.63074
1.64059
1.65036
1.66009
1.66987
1.67971
1.68959
1.6995
1.70945
1.71942
1.72933
1.73917
1.74896
1.75871
1.76847
1.77828
1.78819
1.79825
1.80841
1.81858
1.82867
1.83861
1.84844
1.85823
1.86803
1.87787
1.88773
1.89764
1.90757
1.91758
1.92755
1.93739
1.94714
1.95682
1.96648
1.97615
1.98589
1.99576
2.0057
2.01566
2.02556
2.03532
2.045
2.05464
2.06432
2.07404
2.08379
2.09357
2.10338
2.11323
2.12301
2.13273
2.14241
2.15207
2.16173
2.17145
2.18126
2.19123
2.2013
2.21138
2.22139
2.23123
2.24099
2.2507
2.26045
2.27024
2.28006
2.28994
2.29986
2.30985
2.31982
2.32966
2.33942
2.34911
2.3588
2.36851
2.3783
2.38823
2.39825
2.4083
2.41826
2.42809
2.43782
2.44753
2.45728
2.46709
2.47694
2.48683
2.49674
2.50669
2.51657
2.52637
2.53612
2.54584
2.55556
2.56532
2.57518
2.58519
2.59528
2.60539
2.61543
2.62531
2.63508
2.64481
2.65456
2.66435
2.67417
2.68402
2.69391
2.70389
2.71383
2.72365
2.73339
2.74307
2.75274
2.76245
2.77225
2.78219
2.79221
2.80224
2.8122
2.82202
2.83176
2.84147
2.85123
2.86104
2.8709
2.8808
2.89073
2.90068
2.91058
2.9204
2.93017
2.9399
2.94965
2.95944
2.96934
2.97939
2.98953
2.9997
3.00978
3.01971
3.02954
3.03932
3.04912
3.05895
3.06881
3.0787
3.08863
3.09864
3.1086
3.11843
3.12817
3.13785
3.14749
3.15716
3.16689
3.17674
3.18668
3.19662
3.20652
3.21626
3.22593
3.23557
3.24523
3.25494
3.26467
3.27443
3.28423
3.29406
3.30383
3.31354
3.3232
3.33284
3.34249
3.35219
3.36199
3.37195
3.38199
3.39207
3.40206
3.41189
3.42163
3.43134
3.44107
3.45084
3.46065
3.47052
3.48042
3.4904
3.50036
3.51018
3.51992
3.5296
3.53927
3.54897
3.55875
3.56866
3.57866
3.58868
3.59863
3.60844
3.61816
3.62784
3.63756
3.64732
3.65712
3.66695
3.67681
3.6867
3.69652
3.70627
3.71595
3.72561
3.73527
3.74497
3.75476
3.7647
3.77473
3.78477
3.79475
3.80456
3.81427
3.82394
3.83363
3.84336
3.85311
3.8629
3.87272
3.88262
3.89249
3.90225
3.91193
3.92156
3.93117
3.94082
3.95058
3.96046
3.97043
3.98041
3.99032
4.00009
4.00979
4.01945
4.02916
4.03894
4.04875
4.05862
4.0685
4.07842
4.08828
4.09806
4.10779
4.11749
4.1272
4.13695
4.14681
4.15683
4.16693
4.17707
4.18712
4.19701
4.2068
4.21655
4.22632
4.23613
4.24598
4.25588
4.2658
4.27581
4.28579
4.29564
4.3054
4.3151
4.32479
4.33449
4.34427
4.35417
4.36416
4.37417
4.38409
4.39388
4.40358
4.41325
4.42295
4.43269
4.44247
4.45227
4.4621
4.47202
4.48191
4.49169
4.50139
4.51104
4.52069
4.53037
4.54014
4.55005
4.56006
4.5701
4.58006
4.5899
4.59966
4.6094
4.61918
4.62902
4.63891
4.64885
4.65881
4.6688
4.67873
4.6886
4.69842
4.70821
4.71801
4.72787
4.73784
4.74797
4.7582
4.76845
4.7786
4.78861
4.79851
4.80836
4.81824
4.82817
4.83812
4.84812
4.85815
4.86827
4.87834
4.88828
4.89812
4.9079
4.91765
4.92741
4.93725
4.94721
4.95726
4.96732
4.97732
4.98717
4.99694
5.00667
5.01643
5.02624
5.03607
5.04595
5.05585
5.06578
5.07565
5.08544
5.09519
5.1049
5.11463
5.1244
5.13427
5.1443
5.15442
5.16455
5.17462
5.18452
5.19433
5.2041
5.2139
5.22374
5.23361
5.24353
5.25348
5.26346
5.27337
5.2832
5.29299
5.30274
5.31249
5.32227
5.33215
5.34217
5.35227
5.36237
5.37241
5.38227
5.39204
5.40177
5.41152
5.4213
5.43112
5.44097
5.45087
5.46079
5.47063
5.4804
5.49011
5.49979
5.50947
5.51918
5.52899
5.53893
5.54895
5.55898
5.56894
5.57874
5.58843
5.59809
5.60776
5.61747
5.6272
5.63697
5.64677
5.65665
5.66651
5.67624
5.6859
5.6955
5.7051
5.71472
5.72443
5.73427
5.74419
5.75412
5.76399
5.77372
5.78338
5.79301
5.80268
5.81241
5.82218
5.83199
5.84182
5.85169
5.8615
5.87124
5.88092
5.89058
5.90024
5.90996
5.91978
5.92976
5.93983
5.94993
5.95995
5.9698
5.97956
5.98928
5.99902
6.0088
6.01862
6.02849
6.03839
6.04837
6.05832
6.06815
6.07788
6.08755
6.0972
6.10686
6.1166
6.12647
6.13642
6.14639
6.15629
6.16604
6.1757
6.18533
6.195
6.20471
6.21446
6.22426
6.23408
6.24394
6.25373
6.26344
6.2731
6.28273
6.29239
6.30211
6.31194
6.32193
6.33201
6.34211
6.35212
6.36196
6.37171
6.38142
6.39116
6.40095
6.41076
6.42062
6.43052
6.44049
6.45044
6.46027
6.47001
6.47969
6.48935
6.49903
6.50878
6.51867
6.52864
6.53863
6.54854
6.55829
6.56794
6.57755
6.5872
6.59691
6.60667
6.61647
6.6263
6.63617
6.64598
6.65573
6.66543
6.67512
6.68485
6.69466
6.7046
6.7147
6.72492
6.73516
6.7453
6.7553
6.76519
6.77505
6.78494
6.79487
6.80485
6.81487
6.82493
6.83507
6.84518
6.85515
6.86503
6.87484
6.88463
6.89443
6.90431
6.91431
6.9244
6.93451
6.94454
6.95443
6.96424
6.97402
6.98382
6.99367
7.00354
7.01345
7.02338
7.03335
7.04325
7.05307
7.06284
7.07258
7.08232
7.09211
7.10199
7.11203
7.12215
7.13229
7.14236
7.15226
7.16206
7.17183
7.18162
7.19145
7.2013
7.21119
7.22112
7.23107
7.24095
7.25075
7.2605
7.27022
7.27993
7.28967
7.2995
7.30946
7.31951
7.32955
7.33953
7.34933
7.35904
7.36871
7.3784
7.38812
7.39788
7.40767
7.4175
7.42741
7.4373
7.44706
7.45674
7.46638
7.476
7.48566
7.4954
7.50527
7.51523
7.5252
7.5351
7.54487
7.55457
7.56424
7.57395
7.58372
7.59353
7.60338
7.61326
7.62317
7.63302
7.6428
7.65253
7.66223
7.67195
7.68171
7.69159
7.70162
7.71174
7.72189
7.73196
7.74187
7.75167
7.76144
7.77123
7.78107
7.79095
7.80087
7.81084
7.82088
7.8309
7.84078
7.85057
7.8603
7.87001
7.87974
7.88955
7.89948
7.90951
7.91954
7.92949
7.93929
7.94899
7.95865
7.96833
7.97807
7.98786
7.99768
8.00752
8.01744
8.02735
8.03715
8.04689
8.05659
8.06629
8.07604
8.08589
8.0959
8.10601
8.11615
8.12621
8.13617
8.14604
8.15588
8.16577
8.17573
8.18572
8.19576
8.20583
8.21592
8.22595
8.2359
8.24579
8.25564
8.26549
8.27539
8.28538
8.29552
8.30575
8.316
8.32615
8.33614
8.34601
8.35585
8.3657