-0.000147303
-0.000500541
-0.000861407
-0.00100051
-0.00102981
-0.00118875
-0.00139969
-0.00154205
-0.00161478
-0.00162813
-0.00157106
-0.00143904
-0.00126643
-0.00119838
-0.00129288
-0.00143317
-0.00155644
-0.00165605
-0.00171023
-0.001668
-0.00158223
-0.00149547
-0.00136972
-0.00119256
-0.000999685
-0.000834084
-0.000697793
-0.000614377
-0.000549549
-0.000415113
-0.000160823
0.000185752
0.000545847
0.000808573
0.000943064
0.00104935
0.00112868
0.00118089
0.00125246
0.00133339
0.00140226
0.00147959
0.00159406
0.00170883
0.00180654
0.00188506
0.00195411
0.00202469
0.00211633
0.00226682
0.00248025
0.00272696
0.0029622
0.00310796
0.00314195
0.00314878
0.00316061
0.00319026
0.00325296
0.00330165
0.00332183
0.00337814
0.0034669
0.00355243
0.00364054
0.00370608
0.00376129
0.00382945
0.00393174
0.00410349
0.00433338
0.00458276
0.00480066
0.00492601
0.0049618
0.00498837
0.00502267
0.00507425
0.00516224
0.00523782
0.00528111
0.00535127
0.0054451
0.00553707
0.00563628
0.00571849
0.00579471
0.00588017
0.00599896
0.00619227
0.00644282
0.00670566
0.00693488
0.00707945
0.00714383
0.00719864
0.0072605
0.007336
0.00744264
0.00753501
0.00759157
0.00765704
0.00770336
0.00768683
0.0076448
0.00761157
0.00756025
0.00753428
0.0075409
0.00755256
0.0076437
0.00780245
0.00794269
0.00804766
0.00809296
0.00808239
0.008079
0.00810723
0.00813117
0.00812145
0.00808489
0.00802882
0.00794237
0.00786917
0.00783432
0.00784174
0.00791959
0.00807408
0.00825926
0.00847003
0.00873648
0.00903053
0.00932309
0.00961238
0.0098729
0.0100862
0.0103256
0.0106253
0.0109079
0.0111406
0.0113354
0.0114792
0.0115651
0.0116543
0.0117755
0.0119117
0.0120933
0.0123196
0.0125661
0.0128276
0.0130882
0.0133204
0.0135083
0.0136547
0.0137654
0.0139037
0.0140854
0.0142529
0.0144075
0.0145394
0.0146157
0.0146413
0.0146301
0.0146379
0.0146678
0.0147135
0.0148384
0.0149841
0.015117
0.0152706
0.0154143
0.0155349
0.0156309
0.015691
0.0157078
0.0157484
0.0158421
0.0159224
0.0159798
0.016016
0.0160111
0.0159669
0.0159002
0.0158613
0.0158433
0.0158363
0.0158882
0.0159456
0.0159927
0.0160652
0.0161282
0.0161596
0.016151
0.0160922
0.0159891
0.0159143
0.0158976
0.0158753
0.0158255
0.0157486
0.0156282
0.015476
0.0153089
0.015161
0.0150277
0.014936
0.0149385
0.0149425
0.0149439
0.0149657
0.0149522
0.0149056
0.0148161
0.0146736
0.0144917
0.0143344
0.0142521
0.0141933
0.0141214
0.0140338
0.0139125
0.0137698
0.013621
0.0134912
0.0133676
0.0132756
0.0132785
0.0132901
0.0132894
0.0133115
0.0133314
0.0133273
0.0132637
0.0131389
0.01298
0.0128442
0.0127785
0.0127401
0.0126917
0.0126191
0.0125092
0.0123846
0.0122595
0.0121574
0.0120673
0.0120104
0.0120382
0.0120692
0.0121001
0.0121533
0.012183
0.0121825
0.0121305
0.0120192
0.0118766
0.0117454
0.0116773
0.0116462
0.0116053
0.0115525
0.0114733
0.0113754
0.0112702
0.0111842
0.0111064
0.0110667
0.0111266
0.0111941
0.0112438
0.0113143
0.011382
0.0114223
0.011404
0.0113217
0.0112092
0.0111237
0.0111091
0.0111287
0.0111426
0.0111379
0.0110984
0.0110476
0.0109924
0.010946
0.0109217
0.0109248
0.0109548
0.0109772
0.0110045
0.0110395
0.0110655
0.0110567
0.0109751
0.0108345
0.0106736
0.0105348
0.0104547
0.0103945
0.0103192
0.0102128
0.0100685
0.00990005
0.00971142
0.00954032
0.00938363
0.00926213
0.00922951
0.00920862
0.00919783
0.00922024
0.00922694
0.00920743
0.00914141
0.00901112
0.00884109
0.00869923
0.00862847
0.00858697
0.0085413
0.00847638
0.00837594
0.00826312
0.00815126
0.00805509
0.00798669
0.00795154
0.00794167
0.007918
0.00789962
0.00789055
0.00787159
0.00781811
0.0076939
0.00751094
0.00731219
0.00713992
0.00703364
0.00695414
0.00686442
0.00674837
0.00659754
0.00642736
0.00624056
0.00607084
0.00591314
0.00579123
0.00576394
0.00575103
0.00573325
0.00574549
0.00576477
0.00576299
0.00570268
0.00557687
0.00541463
0.00527628
0.00520149
0.005154
0.00510352
0.00503062
0.00492297
0.00479477
0.00465602
0.0045368
0.00444651
0.0043884
0.00435799
0.00431607
0.00428632
0.00427298
0.00425151
0.00419658
0.0040757
0.00389991
0.00371121
0.00355364
0.00346135
0.00338972
0.00330777
0.00320147
0.00306291
0.00290882
0.00274481
0.00260571
0.00248057
0.00238507
0.00237018
0.00236229
0.00236108
0.00239043
0.00240732
0.00239549
0.00232966
0.0022028
0.00204334
0.00191553
0.00186084
0.00183307
0.00179588
0.00173336
0.00162864
0.00150712
0.00138314
0.00127649
0.0012011
0.00116142
0.00115001
0.00112515
0.00110379
0.00109159
0.00106958
0.00101193
0.000882061
0.000693538
0.000487328
0.00030318
0.000175164
6.57163e-05
-6.11553e-05
-0.000221632
-0.000421986
-0.000649133
-0.000900305
-0.00113826
-0.00136394
-0.00155452
-0.00165529
-0.00174724
-0.00183287
-0.00188804
-0.00195862
-0.00205489
-0.00219977
-0.0024083
-0.00265711
-0.00287608
-0.0030215
-0.00313644
-0.00325315
-0.00338632
-0.00355272
-0.00373047
-0.00390601
-0.00406361
-0.00419016
-0.00427986
-0.00434182
-0.00441704
-0.00448549
-0.00454265
-0.00460979
-0.00471054
-0.00488026
-0.00510736
-0.00534942
-0.00556472
-0.00571434
-0.00583762
-0.00597123
-0.00613109
-0.00632516
-0.00653802
-0.0067676
-0.00698064
-0.00718224
-0.00734884
-0.00742117
-0.00747908
-0.007542
-0.0075753
-0.0076021
-0.00765022
-0.00775712
-0.00792956
-0.00813853
-0.00832346
-0.00844471
-0.00853822
-0.00863398
-0.00875165
-0.00890352
-0.00907521
-0.00925688
-0.00941879
-0.00955037
-0.00964804
-0.00971709
-0.00979713
-0.00986447
-0.00991471
-0.00997262
-0.0100636
-0.0102201
-0.0104308
-0.0106546
-0.0108474
-0.0109748
-0.0110808
-0.0111967
-0.0113368
-0.0115089
-0.011696
-0.0118929
-0.0120653
-0.0122239
-0.0123527
-0.0124007
-0.0124409
-0.012474
-0.0124772
-0.0124936
-0.0125386
-0.0126371
-0.0127957
-0.0129871
-0.0131468
-0.0132334
-0.0132929
-0.0133528
-0.0134271
-0.0135359
-0.0136646
-0.013804
-0.0139235
-0.0140104
-0.0140638
-0.014086
-0.0141151
-0.0141358
-0.0141405
-0.0141458
-0.0141811
-0.0142855
-0.0144466
-0.014624
-0.0147731
-0.0148614
-0.0149297
-0.0150167
-0.0151377
-0.0152941
-0.0154734
-0.0156698
-0.0158455
-0.0160059
-0.0161287
-0.0161601
-0.016182
-0.0161964
-0.0161779
-0.0161729
-0.0161905
-0.0162529
-0.0163785
-0.0165441
-0.0166825
-0.0167512
-0.0167897
-0.0168279
-0.0168817
-0.0169688
-0.0170667
-0.0171619
-0.017239
-0.0172865
-0.0172992
-0.0172858
-0.0172868
-0.0172816
-0.017265
-0.017258
-0.0172842
-0.0173796
-0.0175335
-0.0177022
-0.0178487
-0.0179338
-0.0179964
-0.0180711
-0.0181734
-0.0183106
-0.0184662
-0.0186367
-0.0187881
-0.0189294
-0.0190411
-0.0190707
-0.0190946
-0.0191137
-0.0191058
-0.0191121
-0.0191487
-0.0192424
-0.0193976
-0.0195839
-0.019736
-0.019813
-0.0198618
-0.0199148
-0.0199856
-0.0200917
-0.0202193
-0.0203575
-0.0204744
-0.0205771
-0.0206421
-0.0206165
-0.0205865
-0.0205672
-0.0205151
-0.0204549
-0.0204165
-0.0204375
-0.0205231
-0.0206363
-0.0207185
-0.0207302
-0.0207119
-0.0206977
-0.0207028
-0.0207457
-0.0208016
-0.0208568
-0.0208928
-0.0208973
-0.0208663
-0.0208094
-0.0207679
-0.0207211
-0.0206659
-0.0206237
-0.020617
-0.0206815
-0.0208048
-0.0209428
-0.0210527
-0.0210956
-0.0211129
-0.0211385
-0.0211875
-0.0212696
-0.0213691
-0.0214851
-0.0215866
-0.0216798
-0.021742
-0.0217139
-0.0216744
-0.0216389
-0.0215698
-0.0214925
-0.0214369
-0.0214399
-0.0215082
-0.0216103
-0.0216881
-0.0216973
-0.0216774
-0.0216578
-0.0216557
-0.0216876
-0.0217368
-0.0217908
-0.0218189
-0.0218124
-0.0217722
-0.0217042
-0.0216498
-0.0215875
-0.0215095
-0.0214366
-0.0213948
-0.0214215
-0.0215057
-0.0216058
-0.0216795
-0.0216955
-0.0216937
-0.0217089
-0.0217547
-0.0218357
-0.021939
-0.0220605
-0.0221648
-0.0222388
-0.0222818
-0.0222988
-0.022325
-0.0223367
-0.0223302
-0.0223324
-0.0223732
-0.0224834
-0.0226489
-0.0228306
-0.0229809
-0.0230675
-0.0231331
-0.0232162
-0.0233321
-0.0234851
-0.023662
-0.0238563
-0.0240303
-0.0241689
-0.0242715
-0.0243439
-0.0244235
-0.0244889
-0.0245352
-0.0245869
-0.0246736
-0.0248284
-0.0250375
-0.0252625
-0.025457
-0.0255885
-0.0256983
-0.0258272
-0.0259911
-0.0261906
-0.0264126
-0.026651
-0.0268688
-0.0270697
-0.027234
-0.0273096
-0.0273742
-0.0274358
-0.0274571
-0.0274779
-0.0275251
-0.027629
-0.0278029
-0.0280113
-0.0281897
-0.0282982
-0.0283727
-0.0284473
-0.0285384
-0.0286618
-0.0287948
-0.028925
-0.0290368
-0.0291183
-0.0291638
-0.0291813
-0.0292123
-0.0292383
-0.029253
-0.0292756
-0.0293306
-0.0294549
-0.029637
-0.0298345
-0.0300094
-0.0301224
-0.0302119
-0.0303118
-0.030438
-0.0305977
-0.0307743
-0.0309649
-0.031136
-0.0312969
-0.0314275
-0.0314749
-0.031515
-0.0315483
-0.0315537
-0.0315727
-0.0316205
-0.0317232
-0.0318862
-0.0320807
-0.0322463
-0.0323427
-0.032415
-0.0324907
-0.0325843
-0.0327129
-0.0328621
-0.0330192
-0.0331498
-0.0332421
-0.0332968
-0.0333224
-0.0333501
-0.0333728
-0.0333987
-0.0334328
-0.0334831
-0.0335861
-0.033747
-0.0339254
-0.0340756
-0.0341597
-0.0342187
-0.0342887
-0.0343838
-0.0345087
-0.0346482
-0.0347968
-0.0349222
-0.0350361
-0.0351177
-0.0351153
-0.035108
-0.0350945
-0.0350473
-0.0350084
-0.0349985
-0.0350438
-0.0351503
-0.0352878
-0.035412
-0.0354722
-0.0354938
-0.0355194
-0.0355577
-0.0356283
-0.0357198
-0.035817
-0.0358913
-0.0359289
-0.0359228
-0.0358889
-0.0358654
-0.0358428
-0.0358367
-0.0358493
-0.0358771
-0.0359576
-0.0360971
-0.036254
-0.0363861
-0.0364551
-0.0365008
-0.0365564
-0.0366334
-0.0367409
-0.0368657
-0.0370092
-0.0371431
-0.0372761
-0.0373791
-0.0373883
-0.0373878
-0.0373939
-0.0373651
-0.0373286
-0.0373189
-0.0373699
-0.0374858
-0.0376358
-0.0377537
-0.0377952
-0.0378027
-0.0378092
-0.0378335
-0.0378946
-0.037975
-0.0380621
-0.0381271
-0.0381603
-0.0381587
-0.0381229
-0.0380939
-0.0380589
-0.0380107
-0.0379633
-0.0379435
-0.0379926
-0.0380998
-0.038223
-0.0383193
-0.0383563
-0.0383737
-0.0384079
-0.0384725
-0.0385693
-0.0386862
-0.0388188
-0.0389311
-0.0390094
-0.0390528
-0.0390686
-0.0390937
-0.0391023
-0.0390905
-0.0390868
-0.0391214
-0.039224
-0.0393816
-0.0395549
-0.0396968
-0.0397756
-0.0398318
-0.0399044
-0.0400098
-0.0401521
-0.0403181
-0.040501
-0.0406635
-0.0408092
-0.040918
-0.040938
-0.0409492
-0.040957
-0.040923
-0.0408893
-0.0408823
-0.0409317
-0.0410507
-0.0412033
-0.0413263
-0.0413794
-0.0414001
-0.0414219
-0.0414611
-0.041534
-0.041617
-0.0416971
-0.0417594
-0.0417925
-0.0417909
-0.0417633
-0.0417502
-0.0417314
-0.0417026
-0.0416838
-0.0416987
-0.0417839
-0.0419278
-0.042087
-0.0422235
-0.0422984
-0.0423506
-0.0424118
-0.0424971
-0.0426155
-0.0427508
-0.0429005
-0.0430309
-0.0431522
-0.0432453
-0.0432572
-0.0432635
-0.043264
-0.0432346
-0.0432175
-0.0432307
-0.0433007
-0.0434324
-0.0435958
-0.0437424
-0.0438168
-0.0438482
-0.0438888
-0.0439458
-0.0440351
-0.0441446
-0.0442614
-0.0443584
-0.0444463
-0.0444941
-0.0444421
-0.0443825
-0.0443422
-0.0442837
-0.0442277
-0.0442009
-0.0442358
-0.0443358
-0.0444643
-0.0445634
-0.0445928
-0.044589
-0.0445903
-0.0446093
-0.0446615
-0.0447247
-0.0447932
-0.0448537
-0.0448921
-0.0449013
-0.0448832
-0.0448748
-0.0448628
-0.0448446
-0.0448383
-0.0448685
-0.0449717
-0.045135
-0.0453151
-0.0454704
-0.0455592
-0.0456219
-0.0456948
-0.0457961