0.40993
0.409756
0.409817
0.410269
0.410853
0.411317
0.411689
0.412027
0.412238
0.412467
0.412872
0.413453
0.414186
0.414908
0.41532
0.415327
0.414904
0.414146
0.413392
0.412896
0.412643
0.412586
0.412621
0.412597
0.412549
0.412587
0.412739
0.412864
0.412935
0.413062
0.413444
0.414204
0.415362
0.416701
0.417827
0.418479
0.418704
0.418496
0.418089
0.417828
0.417769
0.417809
0.417845
0.417873
0.417968
0.418175
0.418394
0.418471
0.418475
0.418564
0.418877
0.41947
0.420277
0.42111
0.421619
0.42172
0.42152
0.421028
0.420526
0.420253
0.420188
0.420202
0.420215
0.420207
0.420267
0.420402
0.420544
0.420545
0.420497
0.420571
0.420864
0.421398
0.422122
0.422817
0.423126
0.423015
0.422617
0.421945
0.421294
0.420894
0.420709
0.420623
0.420544
0.42046
0.420476
0.420616
0.420774
0.420795
0.420768
0.420861
0.421173
0.421728
0.422471
0.423178
0.423491
0.423385
0.422995
0.422339
0.421707
0.421332
0.421173
0.42101
0.420787
0.420644
0.420548
0.420371
0.42014
0.419841
0.419471
0.419215
0.419237
0.419567
0.420159
0.42075
0.42098
0.420727
0.420085
0.4192
0.418473
0.418226
0.418474
0.419082
0.419821
0.420497
0.420969
0.42126
0.421254
0.421129
0.421117
0.421335
0.421842
0.422568
0.423427
0.424035
0.424085
0.423759
0.423192
0.422585
0.422251
0.422313
0.422668
0.423214
0.423778
0.424229
0.424471
0.424541
0.424471
0.424372
0.424497
0.424833
0.425346
0.426047
0.426905
0.42747
0.427367
0.427016
0.426486
0.425821
0.425272
0.424918
0.424751
0.424726
0.424663
0.424472
0.42424
0.424101
0.423986
0.423836
0.423787
0.423941
0.424352
0.425015
0.425869
0.426459
0.426428
0.426174
0.425747
0.425193
0.42477
0.424515
0.424368
0.424274
0.424121
0.423823
0.42348
0.423245
0.423055
0.422848
0.422748
0.422848
0.42322
0.423866
0.424713
0.425318
0.425347
0.425122
0.424721
0.424214
0.423777
0.423451
0.423278
0.423163
0.423
0.422708
0.422379
0.422232
0.422086
0.421823
0.421657
0.421705
0.422079
0.422744
0.423607
0.424261
0.424408
0.424286
0.423984
0.423581
0.423257
0.423038
0.422938
0.422874
0.422752
0.422474
0.42214
0.422004
0.421884
0.421667
0.421673
0.421938
0.422396
0.423067
0.423937
0.424621
0.424782
0.424665
0.424371
0.423983
0.423666
0.423455
0.423361
0.4233
0.423175
0.422887
0.422524
0.422366
0.42221
0.421957
0.421916
0.422137
0.422592
0.423297
0.4242
0.424882
0.425018
0.424874
0.424517
0.424061
0.423715
0.42349
0.423381
0.423313
0.423191
0.42291
0.422578
0.422456
0.422353
0.422145
0.422135
0.422379
0.42285
0.423563
0.424455
0.425133
0.425266
0.425067
0.424677
0.424208
0.423836
0.423563
0.423382
0.42321
0.422959
0.422533
0.422121
0.421788
0.421419
0.421185
0.421221
0.421465
0.421948
0.422673
0.423575
0.424273
0.424447
0.424346
0.424058
0.423685
0.42341
0.423251
0.42316
0.423078
0.422923
0.422583
0.422222
0.422112
0.422039
0.421853
0.421765
0.421908
0.422393
0.423171
0.424109
0.424817
0.424994
0.424882
0.424575
0.424179
0.423845
0.42359
0.423426
0.423272
0.423039
0.422641
0.42226
0.421958
0.421612
0.421388
0.421435
0.42171
0.422243
0.423007
0.423923
0.424628
0.424845
0.424775
0.424526
0.424211
0.424012
0.423937
0.423923
0.423914
0.423842
0.423593
0.4233
0.423235
0.423193
0.42303
0.42306
0.42334
0.423823
0.424534
0.425426
0.426112
0.426234
0.426051
0.425663
0.425169
0.424766
0.424465
0.424209
0.423946
0.423593
0.423053
0.422549
0.422158
0.421754
0.421475
0.421444
0.421619
0.422046
0.422709
0.423533
0.424149
0.424275
0.424149
0.423862
0.423515
0.423285
0.423183
0.423145
0.423118
0.423037
0.422791
0.422491
0.422421
0.422364
0.422183
0.422189
0.422441
0.422907
0.423609
0.424497
0.425154
0.425256
0.425057
0.424679
0.424243
0.423897
0.423644
0.423486
0.423335
0.423106
0.422723
0.422373
0.422114
0.421807
0.421611
0.421676
0.42196
0.422493
0.423255
0.42417
0.424879
0.425063
0.42496
0.42467
0.424296
0.424023
0.423869
0.423777
0.423691
0.42353
0.423174
0.422781
0.422633
0.422523
0.422302
0.422178
0.422276
0.422705
0.423421
0.424309
0.424971
0.425112
0.424972
0.42464
0.424214
0.423849
0.423567
0.423383
0.423213
0.422971
0.422571
0.422195
0.421903
0.421564
0.421341
0.42139
0.42167
0.422211
0.422982
0.423903
0.424617
0.424845
0.424786
0.424551
0.424249
0.424062
0.423997
0.423994
0.423994
0.423932
0.42369
0.4234
0.423336
0.423295
0.423132
0.423162
0.423441
0.423922
0.424626
0.425509
0.426189
0.426312
0.426131
0.425746
0.42525
0.424842
0.424538
0.42428
0.424016
0.423664
0.423129
0.422628
0.42224
0.421835
0.421552
0.421516
0.421689
0.422115
0.422778
0.4236
0.424218
0.424348
0.424229
0.42395
0.423608
0.423381
0.423281
0.423244
0.423219
0.423142
0.422901
0.422604
0.422536
0.422481
0.422301
0.422307
0.422558
0.423022
0.423719
0.424601
0.425254
0.425356
0.425161
0.424788
0.424353
0.424038
0.423834
0.423687
0.423538
0.423313
0.42292
0.422565
0.422314
0.422025
0.42184
0.421906
0.422178
0.42269
0.423431
0.424335
0.425033
0.425198
0.425063
0.424733
0.424322
0.424023
0.423854
0.423757
0.423672
0.423514
0.423161
0.42277
0.422621
0.422504
0.422274
0.422144
0.422243
0.422686
0.42343
0.424348
0.425042
0.42521
0.425091
0.424774
0.424358
0.423998
0.423718
0.423537
0.423369
0.423125
0.422723
0.422345
0.422054
0.421723
0.421515
0.421578
0.421867
0.422413
0.423189
0.42412
0.42484
0.425064
0.425039
0.424845
0.424578
0.424412
0.424357
0.424351
0.424341
0.424266
0.424021
0.423721
0.423652
0.423597
0.42342
0.423421
0.423655
0.424088
0.42475
0.425596
0.426212
0.42627
0.426019
0.42559
0.425103
0.42475
0.424517
0.424343
0.424165
0.423911
0.423469
0.422992
0.422757
0.422562
0.422286
0.422223
0.422405
0.4228
0.423436
0.424261
0.424881
0.424953
0.424709
0.424274
0.423761
0.423336
0.423021
0.422819
0.422635
0.422379
0.421963
0.421572
0.421268
0.420928
0.420712
0.420764
0.42105
0.421603
0.422384
0.423313
0.424019
0.424228
0.424154
0.423908
0.423605
0.423412
0.423329
0.423302
0.423277
0.423185
0.422911
0.422596
0.422517
0.422466
0.422302
0.42234
0.422626
0.423113
0.423827
0.424725
0.425415
0.425563
0.425438
0.425135
0.424751
0.424466
0.424281
0.424137
0.423983
0.423749
0.423348
0.422985
0.422727
0.422439
0.422256
0.422322
0.422599
0.423128
0.423883
0.424786
0.42547
0.425612
0.425447
0.425089
0.424653
0.424324
0.424115
0.423968
0.423828
0.423607
0.423198
0.422818
0.422544
0.422232
0.422008
0.422019
0.422228
0.422669
0.423333
0.42415
0.424762
0.424852
0.424655
0.424272
0.423817
0.423475
0.42326
0.423117
0.422991
0.422799
0.422437
0.422113
0.421899
0.421634
0.421443
0.421488
0.421739
0.422225
0.422933
0.423795
0.424458
0.424605
0.424461
0.424129
0.423719
0.423421
0.423256
0.423165
0.423092
0.422956
0.422632
0.422266
0.422139
0.422044
0.421833
0.421799
0.422025
0.42253
0.4233
0.424224
0.424929
0.425117
0.425012
0.424706
0.424287
0.423921
0.423637
0.42345
0.423276
0.423028
0.422622
0.422237
0.42194
0.421601
0.421381
0.421434
0.421719
0.422266
0.423046
0.423984
0.424712
0.424948
0.424937
0.424759
0.424504
0.424345
0.424296
0.424296
0.424292
0.424222
0.423985
0.423691
0.423628
0.42358
0.423407
0.423411
0.423648
0.424084
0.424747
0.425595
0.426216
0.426283
0.426086
0.425723
0.425292
0.424974
0.424764
0.424603
0.424437
0.424194
0.423789
0.423431
0.423185
0.422898
0.422612
0.42252
0.422715
0.423209
0.423943
0.424836
0.425521
0.425697
0.425612
0.425355
0.425025
0.424797
0.424683
0.424622
0.424562
0.424434
0.424128
0.423771
0.423652
0.423547
0.423327
0.423295
0.423496
0.423902
0.424546
0.42538
0.42599
0.42604
0.425822
0.425396
0.424879
0.424468
0.424178
0.424007
0.423864
0.42366
0.423317
0.42301
0.422813
0.422571
0.422336
0.422306
0.422584
0.423182
0.424007
0.424964
0.425687
0.425887
0.425796
0.425542
0.42524
0.425045
0.424944
0.424894
0.424837
0.424703
0.424369
0.423989
0.423841
0.423711
0.423473
0.423437
0.423631
0.424004
0.424604
0.425393
0.425976
0.426022
0.425763
0.425325
0.424822
0.424442
0.424181
0.423979
0.423776
0.423503
0.423067
0.422676
0.422398
0.422095
0.421911
0.421984
0.422272
0.422814
0.423587
0.424514
0.425226
0.425398
0.425257
0.424915
0.42449
0.424173
0.42398
0.423856
0.42374
0.423544
0.42316
0.422802
0.422547
0.422249
0.422032
0.422049
0.422269
0.42273
0.423414
0.42425
0.424883
0.424993
0.424816
0.424455
0.424019
0.423693
0.423495
0.423367
0.423253
0.423074
0.422712
0.42232
0.422179
0.422078
0.421869
0.421838
0.422064
0.422567
0.423335
0.424256
0.424956
0.425127
0.424997
0.424664
0.424227
0.42385
0.423559
0.423367
0.423185
0.422928
0.422506
0.422102
0.421782
0.421425
0.421195
0.421238
0.421514
0.422054
0.422828
0.423754
0.424466
0.424682
0.424653
0.424458
0.424191
0.42402
0.423957
0.423941
0.423919
0.423831
0.423573
0.423264
0.42319
0.423134
0.422959
0.422967
0.42321
0.423651
0.424321
0.425173
0.425796
0.425858
0.42562
0.425168
0.424632
0.424228
0.423955
0.423796
0.423672
0.423493
0.42315
0.422758
0.422582
0.422434
0.422198
0.422163
0.42238
0.422828
0.423522
0.424395
0.425055
0.425172
0.424954
0.424542
0.424053
0.42366
0.423367
0.423168
0.42298
0.422714
0.422275
0.421851
0.421508
0.421128
0.420883
0.420907
0.421144
0.421628
0.422351
0.423247
0.423933
0.424131
0.424096
0.4239
0.423641
0.423485
0.423443