0.0157966
0.0203536
0.0147162
0.00302775
-0.00811356
-0.0114184
-0.0206782
-0.0105249
-0.00109465
0.00698726
0.00447351
-0.00253004
-0.0125366
-0.0199899
-0.0209538
-0.0251184
-0.0228335
-0.018682
-0.0149846
-0.0192484
-0.0193276
-0.0204941
-0.017739
-0.0146057
-0.0188738
-0.0264825
-0.0323059
-0.0323476
-0.0303898
-0.028745
-0.0328208
-0.0352863
-0.0399754
-0.0414554
-0.0416153
-0.0404824
-0.0482871
-0.0370991
-0.0377891
-0.0450204
-0.0491922
-0.0523043
-0.0550414
-0.0640507
-0.0682817
-0.071993
-0.0754255
-0.071556
-0.0650448
-0.0586175
-0.0552315
-0.0546712
-0.0554948
-0.0608611
-0.0603783
-0.062012
-0.0603664
-0.0476098
-0.0505042
-0.0545503
-0.0549193
-0.0528954
-0.0537282
-0.0589533
-0.0607954
-0.0644733
-0.0672747
-0.0644681
-0.0579358
-0.0519787
-0.0513754
-0.0501014
-0.051334
-0.0554591
-0.0545507
-0.0560108
-0.0526278
-0.0390229
-0.0418973
-0.0444219
-0.0449801
-0.0423862
-0.0428698
-0.0480991
-0.0497683
-0.0534143
-0.0560979
-0.0527846
-0.0461373
-0.0390638
-0.0373348
-0.0354203
-0.036043
-0.0393115
-0.0374858
-0.039226
-0.0361725
-0.0229501
-0.0253061
-0.027494
-0.0281795
-0.00584159
0.00569709
0.0119831
0.0192075
0.0299591
0.0398845
0.0581873
0.0799682
0.0975529
0.113566
0.125788
0.138332
0.149573
0.152274
0.164641
0.181358
0.205215
0.221403
0.243162
0.263737
0.284664
0.302416
0.313828
0.328098
0.32937
0.338529
0.347723
0.360151
0.377319
0.39468
0.414162
0.436978
0.444777
0.452601
0.462658
0.464459
0.477207
0.494339
0.516158
0.537849
0.55928
0.579543
0.586447
0.600369
0.594718
0.599554
0.604629
0.613217
0.622386
0.636371
0.653896
0.676885
0.686313
0.688252
0.687478
0.684381
0.688053
0.696808
0.709741
0.720371
0.732516
0.746427
0.749927
0.759381
0.755063
0.75084
0.750579
0.749564
0.757237
0.767857
0.784072
0.802658
0.811312
0.813269
0.805679
0.800567
0.80086
0.806103
0.816758
0.825069
0.834701
0.845282
0.848353
0.85773
0.850028
0.844177
0.843321
0.841045
0.845689
0.85386
0.868741
0.886062
0.894539
0.896293
0.885629
0.878716
0.87576
0.879606
0.889088
0.896216
0.904568
0.910944
0.911886
0.92625
0.912318
0.905626
0.900837
0.897077
0.902501
0.910416
0.926142
0.942567
0.949524
0.952965
0.941667
0.933794
0.928885
0.930072
0.93851
0.944169
0.950404
0.956619
0.956409
0.969424
0.953329
0.944069
0.937177
0.932492
0.933231
0.937672
0.948362
0.964364
0.971275
0.975085
0.961904
0.952822
0.947072
0.947581
0.954599
0.958839
0.964166
0.969466
0.970273
0.983343
0.967022
0.958749
0.952391
0.948046
0.949123
0.952978
0.964293
0.97956
0.985559
0.988323
0.972651
0.962257
0.95369
0.95273
0.960263
0.965352
0.970837
0.976467
0.97593
0.98962
0.974881
0.96696
0.961691
0.958694
0.960364
0.965693
0.977635
0.995247
1.00161
1.00661
0.993958
0.984413
0.978574
0.978773
0.986878
0.991085
0.995953
1.00126
1.0069
1.0018
0.991691
0.986605
0.979584
0.976004
0.977174
0.981692
0.994205
1.0099
1.01411
1.01628
0.999645
0.987328
0.979664
0.978016
0.982573
0.985223
0.988391
0.994758
0.995486
1.00752
0.990123
0.981046
0.97478
0.968358
0.969702
0.973203
0.984963
0.997732
1.00276
1.00499
0.989988
0.98023
0.974109
0.974395
0.98179
0.985991
0.990613
0.994903
1.00138
0.996409
0.986464
0.981958
0.975526
0.973055
0.974682
0.979736
0.992448
1.00879
1.01294
1.01519
0.999926
0.987906
0.979812
0.97795
0.982497
0.984876
0.98806
0.994212
0.994563
1.00581
0.988079
0.978397
0.970865
0.9643
0.963381
0.965965
0.974949
0.988212
0.993233
0.996475
0.981406
0.971447
0.965695
0.965565
0.971158
0.974152
0.976747
0.982089
0.988903
0.983929
0.97464
0.970997
0.965633
0.964026
0.965708
0.970696
0.983752
1.00009
1.0041
1.00645
0.990441
0.979092
0.972631
0.97162
0.976972
0.980525
0.984636
0.992026
0.993314
1.00585
0.988124
0.978374
0.971853
0.966289
0.966684
0.969951
0.980448
0.995132
1.00088
1.00344
0.988574
0.977858
0.971385
0.971536
0.978865
0.983152
0.987864
0.992249
0.998233
0.993294
0.982852
0.978314
0.971897
0.969242
0.970635
0.975269
0.987698
1.00354
1.00703
1.01006
0.994147
0.981811
0.974253
0.972979
0.977601
0.980208
0.983395
0.98988
0.990944
1.00281
0.985707
0.976769
0.970805
0.96473
0.966398
0.970111
0.982088
0.994955
1.00014
1.00251
0.987368
0.977941
0.971841
0.972172
0.979562
0.983845
0.988702
0.993127
0.999659
0.994793
0.98463
0.980008
0.973628
0.971305
0.973111
0.97832
0.991053
1.00749
1.01179
1.01446
0.999309
0.987423
0.979322
0.977275
0.981709
0.984049
0.987324
0.993538
0.994034
1.00521
0.987347
0.977487
0.970027
0.963483
0.962587
0.965017
0.973875
0.987049
0.992055
0.9955
0.980377
0.970566
0.964753
0.964326
0.969736
0.972657
0.97528
0.980594
0.987409
0.982467
0.973051
0.969391
0.964059
0.962524
0.964264
0.969223
0.98218
0.998462
1.00254
1.00511
0.989139
0.977897
0.971422
0.970287
0.975528
0.979055
0.983212
0.990629
0.992024
1.0045
0.986733
0.976846
0.970286
0.96479
0.965211
0.968327
0.978679
0.993255
0.999055
1.00166
0.986778
0.976176
0.969654
0.968959
0.974847
0.978261
0.981263
0.986933
0.993104
0.987892
0.97675
0.971991
0.965855
0.963258
0.964533
0.96906
0.98149
0.997142
1.00073
1.00341
0.987569
0.9754
0.968181
0.96727
0.971644
0.973869
0.976708
0.98285
0.983659
0.995741
0.979062
0.971129
0.965254
0.959078
0.960859
0.964673
0.976616
0.989503
0.99488
0.997225
0.982401
0.973118
0.967259
0.967781
0.975304
0.979727
0.984727
0.989219
0.995647
0.991013
0.981002
0.97641
0.96993
0.967513
0.969247
0.974502
0.98741
1.00396
1.0083
1.01073
0.994784
0.983082
0.975804
0.974515
0.979409
0.982576
0.986546
0.993509
0.99461
1.0071
0.989173
0.979378
0.972588
0.966607
0.966493
0.969047
0.97884
0.992975
0.997806
0.99998
0.984985
0.974186
0.96757
0.967315
0.973201
0.976638
0.979321
0.984544
0.984932
0.997354
0.981178
0.973385
0.9672
0.963015
0.963426
0.967586
0.978576
0.994136
0.99956
1.00333
0.989126
0.979841
0.974434
0.97488
0.982548
0.986896
0.991922
0.996881
1.00302
0.998248
0.98895
0.984772
0.978846
0.976839
0.979101
0.985165
0.998643
1.01553
1.02002
1.02206
1.00655
0.994406
0.986574
0.985245
0.990611
0.99357
0.997366
1.00409
1.00468
1.01629
0.997922
0.98785
0.980243
0.973475
0.972576
0.975173
0.984332
0.997982
1.00329
1.0056
0.990304
0.980182
0.97418
0.9736
0.979144
0.982484
0.985307
0.990769
0.997176
0.992157
0.981731
0.977198
0.971565
0.969451
0.971068
0.976299
0.989369
1.00578
1.00934
1.01261
0.996801
0.984873
0.978173
0.977875
0.983034
0.985819
0.989026
0.995707
1.00219
0.996493
0.986067
0.981533
0.975607
0.972582
0.97345
0.977661
0.989639
1.00447
1.00735
1.00974
0.99321
0.981386
0.974123
0.972972
0.977594
0.980261
0.983227
0.989556
0.995973
0.990337
0.978962
0.974339
0.96842
0.965548
0.966511
0.970501
0.981962
0.996642
0.999523
1.00224
0.986069
0.974201
0.966752
0.965414
0.969548
0.971816
0.974602
0.980787
0.981979
0.993752
0.976949
0.968605
0.962705
0.957141
0.957993
0.961309
0.971344
0.984825
0.989394
0.992627
0.97828
0.969537
0.963781
0.963803
0.97099
0.974953
0.979783
0.984272
0.990684
0.986142
0.976209
0.971791
0.96549
0.963288
0.965301
0.970738
0.983633
1.0002
1.0047
1.00723
0.991312
0.979726
0.972526
0.971223
0.976241
0.979559
0.983759
0.990867
0.992066
1.00452
0.986474
0.976437
0.969469
0.96336
0.963146
0.965564
0.975175
0.98915
0.994168
0.996347
0.980546
0.97002
0.963951
0.963749
0.969835
0.973814
0.977155
0.982907
0.989381
0.984567
0.973929
0.969587
0.963306
0.962388
0.964866
0.973156
0.985259
1.00165
1.00597
1.00682
0.990714
0.97872
0.971684
0.971382
0.976616
0.979955
0.983621
0.990274
0.991305
1.00413
0.986463
0.977438
0.970784
0.964292
0.964146
0.966837
0.976837
0.991108
0.996055
0.998538
0.980727
0.970401
0.962461
0.961605
0.968673
0.973563
0.979084
0.983533
0.989541
0.9858
0.976615
0.973322
0.96766
0.968396
0.972113
0.981942
0.995762
1.01399
1.01906
1.02086
1.00616
0.993502
0.985988
0.98595
0.991903
0.995284
0.99971
1.00662
1.00736
1.01969
1.00136
0.991746
0.984252
0.977364
0.976765
0.979532
0.988722
1.0028
1.00762
1.01012
0.995215
0.985174
0.978685
0.977862
0.983537
0.986604
0.989171
0.994189
1.00063
0.995611
0.984794
0.980182
0.97406
0.971574
0.972957
0.977708
0.990486
1.00661
1.01008
1.01286
0.996949
0.984708
0.977733
0.977143
0.981796
0.984025
0.98687
0.993154
0.999238
0.993455
0.98283
0.978198
0.972111
0.968873
0.969412
0.973233
0.984681
0.999057
1.00165
1.00381
0.987245
0.975385
0.967978
0.96687
0.971537
0.974313
0.977294
0.9835
0.984507
0.996685
0.979868
0.971542
0.965574
0.959981
0.960903
0.964425
0.974808
0.988547
0.993238
0.99642
0.98214
0.973224
0.967652
0.967852
0.975216
0.979265
0.983932
0.988362
0.9948
0.990085
0.9806
0.976389
0.970215
0.968097
0.970155
0.975761
0.98887
1.00559
1.01004
1.01236
0.996279
0.984634
0.977536
0.976362
0.9817
0.985269
0.989613
0.996884
0.998077
1.01077
0.992555
0.982429
0.975544
0.969347
0.969203
0.971812
0.981678
0.99601
1.0011
1.00331
0.986139
0.975458
0.966917
0.965226
0.972462
0.9765
0.980985
0.985424
0.984914
0.99823
0.983333
0.975893
0.97095
0.968149
0.969613
0.974586
0.986383
1.00376
1.00928
1.01406
1.00094
0.991163
0.985378
0.985488
0.993558
0.997669
1.00246
1.00781
1.0134
1.00817
0.998174
0.99302
0.985974
0.982468
0.983735
0.988342
1.00094
1.01675
1.02085
1.02157
1.0045
0.992105
0.984176
0.982492
0.987387