-0.0284889
-0.0402953
-0.0328588
-0.00142156
-0.0106562
-0.02507
-0.0200184
-0.0117751
-0.00536192
-0.00041933
0.00628036
0.0126463
0.0138715
-0.00646586
-0.0151238
-0.0129082
-0.00801742
-0.00640715
0.000347297
0.0108366
0.00774933
0.0101082
0.0149748
0.0207452
0.0181743
0.0145335
0.011015
0.00456766
0.00784137
0.0169768
0.027308
0.030748
0.0275909
0.0118227
0.00494838
0.00938873
0.00429363
0.00634619
0.00835102
0.00771514
0.00590151
0.00930234
0.0132268
0.00988114
0.00890517
0.00565058
0.00661946
0.00711223
0.0112537
0.0174134
0.0209461
0.0214145
0.0178278
0.00467632
-0.000327796
0.000809628
0.00199696
0.00482222
0.00782057
0.00188133
0.00222202
0.00884169
0.00885579
0.00870552
0.00838745
0.00361659
0.00617182
0.00776346
0.013333
0.0195678
0.0222349
0.0215199
0.0154548
0.0042019
0.00192758
0.00388487
0.00445902
0.00727912
0.0105089
0.004468
0.00431182
0.00980231
0.0093325
0.00993718
0.00964254
0.0057584
0.00802366
0.00909061
0.0149653
0.0219146
0.0237373
0.0224292
0.0164433
0.00667348
0.00483066
0.00655751
0.00719366
0.00921637
0.0122393
0.00612243
0.00540267
0.00772522
0.00179778
-0.00423114
-0.00290118
-0.00232237
-0.00565236
0.00296722
0.00147485
0.00304441
0.0144611
0.0140949
0.00931833
0.0072719
0.000657429
-0.00135273
0.00315596
0.00384283
0.00129073
-0.00225002
-0.00297853
-0.00617246
-0.0108808
-0.00621399
-0.00445368
0.00178287
0.0124783
0.0183129
0.0172731
0.0210664
0.0258988
0.0254791
0.0252666
0.0276649
0.0243214
0.0205511
0.0300462
0.032153
0.027186
0.0234345
0.0203867
0.0125606
0.0062282
0.00992194
0.0110276
0.0127277
0.0201701
0.0213101
0.0217439
0.0231309
0.0217854
0.0180394
0.0135984
0.0120858
0.0102255
0.0182366
0.0188371
0.0160973
0.0173576
0.0130115
0.00730863
0.00296417
-0.000434706
0.00632746
0.00297563
0.00661453
0.0165765
0.0104692
0.012443
0.0125696
0.00901856
0.00717415
0.00399631
0.00296845
0.000340741
0.00940416
0.0111735
0.00789622
0.00795342
0.00472126
8.74638e-05
-0.00345289
-0.00478608
0.00216796
-0.00160366
0.00113975
0.00753054
0.00154654
0.0036428
0.00457362
0.000512959
-0.00206892
-0.00686776
-0.00920449
-0.0115006
-0.00207543
0.000800688
-0.0018974
-0.00323215
-0.00615276
-0.0113559
-0.012903
-0.0149257
-0.0092474
-0.0130811
-0.00512887
0.00392682
-0.00332374
0.00197901
-0.000923197
-0.00644325
-0.00801142
-0.0143494
-0.0159882
-0.0184644
-0.00937989
-0.002335
-0.0032671
-0.00367602
-0.00578881
-0.0105492
-0.0109166
-0.0124111
-0.00703725
-0.0121184
-0.00561318
0.00459173
-0.00254683
-0.000441263
-0.000187565
-0.00111277
-0.00433835
-0.0117876
-0.0136957
-0.0146998
-0.0069969
-6.83918e-05
-0.000493483
-0.00121173
-0.00484733
-0.00885375
-0.00868925
-0.00963596
-0.00392964
-0.0081383
-0.00206447
0.00670242
-0.000156482
0.00399532
0.00198355
-0.00133732
-0.00398815
-0.0107782
-0.0129848
-0.0131267
-0.00838545
0.000323437
0.000145767
-0.000600436
-0.00191648
-0.0061975
-0.00664736
-0.00849793
-0.00296128
-0.00796844
-0.00032081
0.00963515
0.0026627
0.00391501
0.00471835
0.00288671
-0.000265112
-0.00729725
-0.00988639
-0.00944666
-0.00257012
0.00571594
0.00549397
0.00563775
0.00223734
-0.00153999
-0.00079981
-0.00279411
0.00115997
-0.000743342
0.00331847
0.0033186
-0.000154927
0.00125755
3.50767e-05
-0.000946216
-0.00617842
-0.0143583
-0.0158053
-0.0151526
-0.00887715
-0.00308208
-0.0038572
-0.00484513
-0.00923731
-0.0123895
-0.0146113
-0.016902
-0.0109676
-0.0155079
-0.00931133
-0.000339252
-0.00569149
9.54736e-05
-0.0012893
-0.00497541
-0.00684129
-0.0129407
-0.0162789
-0.0164831
-0.00813277
-0.00119428
-0.000996814
-0.00111776
-0.00436698
-0.00832758
-0.00748495
-0.00845722
-0.00404133
-0.00525534
-0.000510115
-0.00122573
-0.00501028
-0.00320741
-0.00459478
-0.00563661
-0.0105796
-0.0183195
-0.0199804
-0.0188448
-0.0120987
-0.00478086
-0.00545697
-0.00551887
-0.0100007
-0.0126762
-0.014506
-0.0165202
-0.0108897
-0.0153609
-0.00914687
0.00110834
-0.00463928
-0.00229849
-0.00108233
-0.00144498
-0.00480098
-0.0117076
-0.014551
-0.014192
-0.00735857
-0.00155243
-0.00130829
-0.00145052
-0.00528441
-0.00840114
-0.00964745
-0.0104444
-0.00504066
-0.00687887
-0.00204871
-0.00283461
-0.00633208
-0.00347845
-0.00451365
-0.00574019
-0.0106457
-0.0178285
-0.0193512
-0.0175455
-0.0102682
-0.00402679
-0.00493307
-0.00488926
-0.00915897
-0.0116408
-0.0131064
-0.0144444
-0.00830367
-0.0128357
-0.00773576
0.00106237
-0.00466556
5.03691e-05
-0.000713479
-0.00280211
-0.00603316
-0.0124367
-0.0150295
-0.0146816
-0.00640447
0.000713951
0.000130189
-0.000261266
-0.00439929
-0.0087723
-0.0083947
-0.0095953
-0.0047082
-0.00586332
-0.000847651
-0.00124365
-0.005087
-0.00342434
-0.00459398
-0.00572878
-0.0108073
-0.0188278
-0.0203919
-0.0193119
-0.0135649
-0.00787532
-0.00890187
-0.0101023
-0.0147439
-0.0180601
-0.0205956
-0.0232989
-0.0177168
-0.0220578
-0.0158423
-0.0066555
-0.012827
-0.00700692
-0.00893906
-0.0120549
-0.0145085
-0.0206828
-0.0239802
-0.0243677
-0.0155812
-0.00866476
-0.00826147
-0.00816079
-0.0110922
-0.0149001
-0.0139895
-0.0147705
-0.0101271
-0.0109277
-0.00591028
-0.00633373
-0.0101875
-0.00803912
-0.00939414
-0.0104892
-0.0152042
-0.0228154
-0.0243084
-0.0230972
-0.0163562
-0.00907011
-0.00979268
-0.00983639
-0.0143414
-0.0169131
-0.018756
-0.0207928
-0.01524
-0.0196906
-0.0136031
-0.00328494
-0.00909203
-0.00670429
-0.0055985
-0.00595013
-0.00935486
-0.0162721
-0.0191662
-0.0188457
-0.0119742
-0.00620276
-0.00586306
-0.005965
-0.00974216
-0.0128029
-0.0139612
-0.0147217
-0.00930314
-0.010836
-0.00593153
-0.0065579
-0.0100592
-0.00711159
-0.00813886
-0.00931936
-0.0142128
-0.021326
-0.0227984
-0.0210363
-0.0137562
-0.00748515
-0.00830728
-0.00825817
-0.0125322
-0.0149502
-0.0163675
-0.0177047
-0.011655
-0.0160929
-0.0110171
-0.00214674
-0.00778744
-0.00304526
-0.00396711
-0.00600474
-0.00928517
-0.0155671
-0.0181425
-0.0178615
-0.00954553
-0.00249938
-0.00297776
-0.0016216
-0.00533711
-0.00863892
-0.00977337
-0.0110218
-0.00549005
-0.00701446
-0.00228608
-0.00190154
-0.00526781
-0.00319406
-0.00350978
-0.00386803
-0.00882039
-0.016565
-0.0178975
-0.0163063
-0.00966069
-0.00386941
-0.00476019
-0.00646787
-0.0107228
-0.0135295
-0.0157353
-0.0173152
-0.0111468
-0.0153846
-0.00889996
0.000417814
-0.00559316
0.000231167
-0.00140978
-0.00468278
-0.00658819
-0.0125667
-0.0158575
-0.0160829
-0.00786275
-0.0010804
-0.000541326
-0.000199189
-0.00317379
-0.00697775
-0.00596481
-0.00673947
-0.00207207
-0.00320788
0.00167014
0.000998253
-0.00291756
-0.00084892
-0.00210033
-0.00322165
-0.00785599
-0.0156508
-0.0171178
-0.0158462
-0.00964803
-0.00303175
-0.00390978
-0.00424843
-0.00883427
-0.0115707
-0.0133247
-0.0152615
-0.00958729
-0.0144622
-0.00898764
-0.000304791
-0.00627172
-0.0016118
-0.00288268
-0.00476456
-0.00857757
-0.0151984
-0.0178059
-0.0171475
-0.00866698
-0.00145539
-0.00199607
-0.00140219
-0.00505604
-0.00851072
-0.00972408
-0.0106275
-0.00454832
-0.00886653
-0.00236457
0.00659929
-0.000522874
0.00162439
0.00345751
0.00253918
-0.000679801
-0.00804383
-0.0104361
-0.0092931
-0.00183176
0.00542303
0.00514879
0.00533939
0.0017714
-0.00229877
-0.0015916
-0.00266925
0.00222289
0.00117375
0.00608248
0.00527683
0.00136339
0.00338294
0.0016452
0.000367945
-0.00452114
-0.0124188
-0.0139084
-0.0126904
-0.00569279
0.00166616
0.000827362
0.00126456
-0.00319106
-0.00566304
-0.00738107
-0.00960227
-0.00432881
-0.00940664
-0.00373921
0.00606875
6.24866e-05
0.0027505
0.00438478
0.00401664
0.000768743
-0.00610253
-0.00886051
-0.00852524
-0.00131357
0.0053699
0.00541658
0.00608421
0.00227615
-0.000976345
-0.00178192
-0.00227443
0.00358323
0.0021337
0.00695975
0.00655775
0.00269632
0.00519875
0.00437779
0.00358996
-0.00111706
-0.00883183
-0.0102021
-0.00844102
-0.00229088
0.00333338
0.00215642
0.00103364
-0.00322532
-0.00605098
-0.00820378
-0.0100633
-0.00465978
-0.00639004
-0.00182952
-0.0022016
-0.00507604
-0.00205783
-0.00264393
-0.00406742
-0.00956771
-0.0168588
-0.0184925
-0.0167066
-0.00973743
-0.00378414
-0.00461548
-0.00612501
-0.0103587
-0.0134626
-0.0155438
-0.0172966
-0.0113882
-0.0126687
-0.00752665
-0.00745326
-0.0101525
-0.00730212
-0.00764973
-0.00866989
-0.0138485
-0.0211739
-0.0226236
-0.0209861
-0.0140789
-0.00811761
-0.00885671
-0.0107348
-0.0150043
-0.0178464
-0.019915
-0.0215264
-0.0154176
-0.0192451
-0.013254
-0.00391341
-0.0096812
-0.00572521
-0.00431856
-0.00691748
-0.00950816
-0.016538
-0.0201058
-0.019391
-0.011727
-0.00452258
-0.00381332
-0.00372569
-0.00671128
-0.0102882
-0.00927345
-0.0100276
-0.00532948
-0.00623992
-0.00134446
-0.00165907
-0.00570315
-0.00378263
-0.00501287
-0.00597482
-0.0107115
-0.0184726
-0.01988
-0.0186918
-0.0123708
-0.0057374
-0.00645447
-0.00665382
-0.0111614
-0.0137295
-0.0153699
-0.0172406
-0.0115338
-0.0163671
-0.0108361
-0.00201314
-0.00772452
-0.00293261
-0.00417323
-0.00595403
-0.00958226
-0.0159692
-0.018539
-0.0180017
-0.0101316
-0.00398914
-0.00434273
-0.00384166
-0.00751781
-0.0110193
-0.0121502
-0.0128683
-0.00657317
-0.00770975
-0.0024478
-0.002862
-0.00348987
-0.00423285
-0.00654808
-0.00743389
-0.00994139
-0.0170483
-0.0188154
-0.017046
-0.0099627
-0.00317031
-0.00370714
-0.00428025
-0.00822236
-0.0105216
-0.0117464
-0.0127984
-0.00664706
-0.0115427
-0.0057138
0.00301533
-0.00312253
0.00172562
0.00138089
-0.000395246
-0.0041262
-0.0104602
-0.0131918
-0.0122689
-0.00771167
0.000892091
0.000952425
0.000828341
-0.00129291
-0.0058117
-0.00625925
-0.00763652
-0.00203986
-0.00271569
0.00343893
0.00195469
0.000824842
-0.000398638
-0.0046122
-0.00565655
-0.00764505
-0.0148809
-0.0164872
-0.0150634
-0.00860159
-0.001366
-0.002449
-0.00203251
-0.0061236
-0.00842792
-0.010244
-0.0126694
-0.00784259
-0.0137411
-0.0074686
0.00255121
-0.00397787
-0.001391
0.000727402
-2.14415e-05
-0.00402636
-0.0108216
-0.0136438
-0.0133119
-0.00497906
0.00251979
0.00271422
0.00357803
-0.00035602
-0.00385582
-0.00462335
-0.005305
0.000226971
-0.00150755
0.00357462
0.00399599
0.000434645
0.00217686
0.0015057
0.00132909
-0.00339327
-0.0112667
-0.0126022
-0.0108429
-0.00447604
0.00128566
0.000348724
-0.00095737
-0.00498034
-0.00743691
-0.0094659
-0.0109609
-0.00517976
-0.00652774
-0.00152614
-0.00193993
-0.00470311
-0.00151238
-0.00198125
-0.00350554
-0.00892466
-0.0160844
-0.0177237
-0.0157853
-0.00891778
-0.00290035
-0.00348379
-0.00506389
-0.00926032
-0.0123897
-0.0143778
-0.0160305
-0.00983698
-0.0139203
-0.00774606
0.00125962
-0.00465625
-0.000456079
0.00104426
-0.00173209
-0.00411471
-0.0112961
-0.0145929
-0.0138788
-0.00622533
0.000973383
0.00139783
0.00154376
-0.00162273
-0.00528412
-0.00426158
-0.00503665
-0.00041312
-0.00146627
0.00336387
0.00262785
-0.00130269
0.000642434
-0.000851878
-0.00193329
-0.00676834
-0.0145814
-0.0160982
-0.0148538
-0.00857003
-0.00196362
-0.00276824
-0.00260371
-0.0070329
-0.00962328
-0.0112541
-0.0132476
-0.0075306
-0.0126651
-0.00737071
0.00124256
-0.00469464
7.8949e-05
-0.000737449
-0.00261273
-0.00628912
-0.0128601
-0.0154771
-0.0149215
-0.00967918
0.000286357
-8.41086e-05
-0.000684428
-0.00303249
-0.00740156
-0.0078194
-0.00944299
-0.00361953
-0.00860742
-0.000521576
0.00892307
0.00210459
0.002868
0.00363963
0.00189105
-0.00166249
-0.00885837
-0.011652
-0.0109095
-0.00392875
0.00395871
0.00390471
0.00404409
0.000906266
-0.00274549
-0.00209193
-0.00420942
-0.000367292
-0.00216182
0.00214964
0.0020126
-0.00171532
-0.00027279
-0.00181399
-0.00304801
-0.00835315
-0.0164756
-0.0181179
-0.017183
-0.0102384
-0.00331882
-0.00373397
-0.00407697
-0.00880247