-0.0117159
-0.0210025
0.0323831
0.0549758
0.057724
0.0322017
0.0400916
0.0267159
0.0163294
0.0309081
0.0516194
0.0657038
0.081062
0.0602086
0.0202529
-0.0191319
-0.063695
-0.0852151
-0.0633477
-0.0352476
-0.0153787
0.00255075
0.00313615
-0.00415885
-0.00529972
0.0136316
0.0167132
0.00864069
0.00671722
0.0213359
0.0585655
0.0956745
0.135758
0.127946
0.0907301
0.0430183
0.00221257
-0.0412687
-0.0374441
-0.014598
0.000950084
0.00390035
0.000304706
0.000217594
0.00885345
0.0249494
0.0165942
-0.0017753
0.00332617
0.0158116
0.0472808
0.0698588
0.0884801
0.0719411
0.0197581
-0.00192949
-0.0377428
-0.0582161
-0.0406658
-0.0149814
-0.00107523
0.000689834
-0.00114501
-0.00529367
0.0081742
0.0177889
0.00848187
-0.00848998
-0.000141662
0.0172348
0.0420906
0.0632974
0.0782632
0.0551656
-0.00144855
-0.0222162
-0.0560612
-0.0752372
-0.0533618
-0.0278398
-0.0120509
-0.0083501
-0.0102888
-0.0111031
0.00519377
0.0194188
0.0104896
-0.00583439
0.00211393
0.0195562
0.044382
0.0658284
0.0803435
0.0564259
-0.00034579
-0.0213646
-0.0547451
-0.0729003
-0.0512405
-0.0245722
-0.00978907
-0.0238195
-0.0208455
-0.00930738
-0.0135765
-0.0241655
-0.0224589
-0.0325969
-0.0324092
-0.00906672
0.0233692
0.0532042
0.0760415
0.0510817
0.00231793
-0.0398188
-0.0733161
-0.0862026
-0.043687
0.00717319
0.0533794
0.0791887
0.0813718
0.0663695
0.0464209
0.0298336
-0.00260388
0.00698129
0.0221301
0.0525561
0.0796022
0.0969102
0.107931
0.0472556
-0.00127093
-0.0319392
-0.0473042
-0.0395482
0.00636207
0.0403741
0.066416
0.0805463
0.0727706
0.0581537
0.0346275
0.0252077
0.00833349
0.0278455
0.0549226
0.0697165
0.0901445
0.108002
0.123212
0.050392
-0.0109579
-0.0124219
-0.0407674
-0.0395726
-0.0184479
-0.00238759
0.0167611
0.0242852
0.00920305
-0.00276341
-0.00302058
0.0206649
0.0132232
0.0192838
0.0366295
0.0614378
0.0897731
0.114474
0.130457
0.0623677
0.00450604
0.003519
-0.0281917
-0.0231683
-0.00302433
0.00924484
0.0163821
0.0186213
0.00526489
-0.0104001
-0.00784862
0.018303
0.0128865
0.0211914
0.0383199
0.0629592
0.0949506
0.120586
0.1376
0.0729854
0.0195604
0.011938
-0.0195237
-0.0114627
-0.00702119
0.00901086
0.020215
0.0179594
0.00941904
-0.00927102
0.00229099
0.0353574
0.0103592
0.0181681
0.0343068
0.0641773
0.102566
0.127323
0.145604
0.087077
0.0411321
0.0265337
-0.00438294
0.00201269
0.00767026
0.0187876
0.0259582
0.0215878
0.0113659
-0.0120787
-0.000199074
0.0348182
0.0108364
0.0221618
0.0586104
0.0773518
0.100895
0.123763
0.144064
0.0877036
0.036978
0.0229129
-0.00470477
0.00103064
0.00688284
0.0189942
0.0270109
0.0226883
0.0130846
-0.0103369
0.0015595
0.0351433
0.00951689
0.0208213
0.0543546
0.0756911
0.103385
0.128663
0.145368
0.0847414
0.0327626
0.0180678
-0.0150111
-0.00388661
0.00548274
0.0177252
0.0254441
0.0226139
0.0133735
-0.0105382
0.00348082
0.0391347
0.0158208
0.0251885
0.0594108
0.0796856
0.108546
0.132354
0.148796
0.0911937
0.0378478
0.0188044
-0.00932538
-0.000387931
0.00663636
0.0157223
0.0205348
0.0138999
0.00281809
-0.0115997
0.00409663
0.00724477
0.00321395
0.0379475
0.0588826
0.0819422
0.108842
0.132414
0.146019
0.0894124
0.0359255
0.0202571
-0.00467379
0.000547588
0.0122706
0.0207933
0.0220866
0.019611
0.00659344
-0.0179321
0.00210995
0.0403324
0.0175919
0.0250038
0.0418217
0.0743399
0.113246
0.13648
0.148551
0.0897981
0.0384937
0.0217994
-0.00613755
0.000983272
0.00443811
0.0141983
0.0197328
0.013449
0.00356409
-0.00892399
0.00623021
0.010389
0.00445781
0.0394329
0.0613116
0.0877262
0.115719
0.137129
0.148348
0.0935112
0.045023
0.0257437
0.00162742
0.00815296
0.0204092
0.0279794
0.0274439
0.0246004
0.0129603
-0.0122111
0.0033757
0.0410047
0.016089
0.0237978
0.0580942
0.0769548
0.102195
0.125382
0.141219
0.0841567
0.0258605
0.0107405
-0.016595
-0.0120878
6.20531e-05
0.00609653
0.00613656
0.00234419
-0.0116054
-0.0235876
-0.0057273
0.00274187
-0.00102527
0.0326411
0.0519026
0.0768684
0.104833
0.127296
0.139447
0.0843572
0.0355729
0.0219274
-0.000142247
0.00696294
0.0207127
0.0292778
0.0296218
0.0288711
0.0180504
-0.00482322
0.00961278
0.0456565
0.0194525
0.0267029
0.0594883
0.0787762
0.104671
0.128671
0.143946
0.082349
0.0286804
0.0118563
-0.0131059
-0.0028263
0.00293682
0.0132794
0.0185948
0.0120869
0.00221704
-0.00882119
0.00761056
0.0126981
0.00510132
0.0388124
0.0600538
0.085288
0.112451
0.133703
0.145237
0.0903843
0.0356061
0.0193058
-0.00493154
-0.000115287
0.0125822
0.0201635
0.0210806
0.0183638
0.00471058
-0.0213207
-0.0030231
0.0358146
0.0129732
0.0210364
0.0375726
0.0692559
0.106731
0.131087
0.144238
0.0860589
0.0362225
0.0203695
-0.00816891
-0.00110599
0.00227313
0.0127183
0.0187264
0.0129599
0.00338989
-0.00835096
0.00715137
0.0118772
0.00488269
0.0397856
0.0620352
0.0889113
0.117182
0.138369
0.149662
0.0952946
0.046788
0.0276579
0.00357139
0.00986155
0.0219411
0.0294066
0.0286945
0.0257683
0.0138645
-0.0117166
0.00330398
0.0409546
0.0159645
0.0237166
0.0580316
0.0769841
0.10192
0.124758
0.140572
0.0842368
0.0264995
0.0115865
-0.0161342
-0.0121869
-3.98e-05
0.00601248
0.00620411
0.00251489
-0.0113419
-0.0232588
-0.00555213
0.0030017
-0.00145847
0.0321616
0.0515681
0.0768828
0.105015
0.127481
0.139574
0.0850685
0.0364308
0.0229725
0.000799008
0.00746011
0.0210021
0.0294571
0.029724
0.0289537
0.0182459
-0.00456291
0.00946166
0.0455486
0.0192446
0.0264585
0.0591384
0.0785306
0.104022
0.128108
0.143212
0.0819991
0.0289228
0.0124279
-0.0127791
-0.00297156
0.00876621
0.0157375
0.0159973
0.0121148
3.13654e-05
-0.0115628
0.00568405
0.01255
0.0050001
0.0377737
0.0578598
0.0817995
0.108193
0.130319
0.142653
0.0870665
0.0313251
0.0138748
-0.0103903
-0.00465358
0.00925061
0.0183908
0.0198392
0.0183602
0.00513039
-0.0207965
-0.00222674
0.0365867
0.0126141
0.0209871
0.0376081
0.0698786
0.109189
0.134134
0.147141
0.0891901
0.0382469
0.0218747
-0.00708583
-0.000742216
0.00213467
0.0126623
0.0188494
0.0126203
0.00295421
-0.00855909
0.00699129
0.0120287
0.00591188
0.040973
0.0627158
0.0889117
0.116731
0.138144
0.14982
0.0944112
0.0450973
0.0310146
0.00771536
0.0129808
0.0247193
0.0316782
0.0305661
0.0278008
0.0162744
-0.00708015
0.00762467
0.0433371
0.0174877
0.0246755
0.055906
0.0737697
0.0979104
0.121842
0.136681
0.0753678
0.0208399
0.00399419
-0.0209327
-0.0103164
0.00320301
0.0106576
0.0109066
0.00693437
-0.00514087
-0.0309912
-0.0118912
0.0268658
0.00525541
0.0177
0.0518436
0.0704313
0.0980978
0.122663
0.139684
0.0825997
0.0280397
0.0109084
-0.0153262
-0.00668907
0.00049478
0.0129649
0.0199442
0.0145752
0.00490009
-0.00672773
0.00860821
0.0139647
0.00813286
0.0427578
0.0643995
0.0921522
0.120254
0.140904
0.151911
0.0947106
0.0461652
0.0273635
0.00394732
0.0118361
0.0220685
0.02903
0.0284473
0.0250811
0.0132444
-0.0127435
0.00421905
0.0422157
0.0180503
0.0265953
0.061353
0.0796894
0.104665
0.127944
0.144014
0.0863246
0.0324368
0.0189778
-0.00568666
0.000446272
0.0122738
0.0180707
0.0175573
0.0136939
0.00167925
-0.0086182
0.00767609
0.0155235
0.00850909
0.0410562
0.0607997
0.0862734
0.113482
0.134282
0.145002
0.0886548
0.0317452
0.0142304
-0.00959488
-0.00348631
0.00952642
0.0175757
0.0186879
0.0165759
0.00253583
-0.0103901
0.00705334
0.0142666
0.00641656
0.0365115
0.055866
0.0785504
0.10446
0.125212
0.136492
0.0816613
0.0267645
0.0104859
-0.0131909
-0.00645765
0.006834
0.0159829
0.017628
0.0166083
0.00399288
-0.00760613
0.010089
0.0176622
0.00682992
0.0371537
0.0572154
0.0810052
0.106571
0.127761
0.139006
0.0854163
0.0306563
0.0138341
-0.0100379
-0.00455828
0.00947764
0.0188097
0.0203283
0.0197083
0.00738721
-0.018298
-0.000933037
0.0380997
0.0138445
0.022401
0.0539622
0.0786638
0.11317
0.135361
0.147665
0.0919916
0.0413656
0.0244495
-0.00507751
-0.0008716
0.00287316
0.0128356
0.0185742
0.0125229
0.00283598
-0.0094072
0.00611122
0.0113892
0.00439973
0.0395515
0.0617064
0.0886869
0.116905
0.138716
0.150618
0.0953115
0.0464752
0.0326593
0.00913022
0.0138191
0.0250928
0.0320897
0.0308448
0.0279481
0.0165014
-0.00682702
0.00754891
0.0434358
0.0174869
0.0242959
0.0556307
0.0736206
0.0974288
0.12149
0.13643
0.0754931
0.0214268
0.0100789
-0.0139739
-0.00535372
0.00719404
0.014169
0.0142676
0.0108392
-0.00114336
-0.0109438
0.00679419
0.0146212
0.00590911
0.0202387
0.0474866
0.0803357
0.110611
0.131334
0.144327
0.0875605
0.0366415
0.0225313
-0.000919611
0.00499017
0.0167601
0.0245855
0.0239161
0.0217677
0.0102039
-0.0140942
0.002642
0.0388514
0.0132258
0.0214336
0.0531277
0.0709319
0.0961039
0.120843
0.136177
0.0755313
0.0200319
0.00864269
-0.0228194
-0.0106726
-0.00174203
0.0121144
0.0196811
0.0157063
0.007133
-0.00296967
0.0135375
0.0214902
0.0115489
0.0279999
0.0556131
0.0925087
0.12347
0.141846
0.15302
0.0939966
0.0432067
0.0261462
0.0037331
0.0128102
0.0214944
0.0275968
0.0266636
0.0224777
0.00948364
-0.0187117
-0.000309689
0.0362154
0.0119325
0.0215285
0.0555537
0.0710183
0.0944051
0.119262
0.13499
0.0778037
0.0242434
0.00708282
-0.0179091
-0.00917988
0.00391349
0.0109778
0.0115932
0.00768949
-0.00367273
-0.014316
0.00332755
0.0111753
0.00525184
0.039075
0.059408
0.084952
0.112443
0.13414
0.145309
0.0892046
0.032754
0.0140817
-0.0103358
-0.00451652
0.00890875
0.0176944
0.0191369
0.0173079
0.00334621
-0.00961154
0.00752421
0.0148054
0.00579293
0.0355433
0.0551495
0.0785836
0.104943
0.125453
0.136348
0.0818296
0.0266506
0.0105274
-0.0133047
-0.00703146
0.00629165
0.0153102
0.016612
0.0153971
0.00320034
-0.0216687
-0.00259459
0.0372281
0.0138554
0.0228248
0.054048
0.0783621
0.112943
0.13478
0.147363
0.0907593
0.0388774
0.0214239
-0.00745028
-0.00198983
0.00228662
0.0127284
0.018545
0.0124972
0.00273126
-0.00990923
0.00528818
0.0103655
0.00468569
0.0400353
0.0619662
0.0892879
0.117519
0.138958
0.150381
0.0942828
0.0455678
0.0318171
0.00851174
0.0140157
0.0250635
0.0318094
0.0306269
0.0276262
0.0160826
-0.00745154
0.00797377
0.0439841
0.0185151
0.0258188
0.0577449
0.0755553
0.0996206
0.123353
0.138289
0.0766614
0.0220533
0.0058168
-0.0258679
-0.0130055
-0.000979722
0.0110356
0.0183008
0.0152569
0.00609528
-0.0186329
-0.00306885
0.0326515
0.0113127
0.022251
0.0557052
0.0764433
0.105704
0.129995
0.146064
0.0891844
0.0358753
0.0167162
-0.0110883
-0.00206522
0.00529291
0.0145259
0.0196312
0.0131507
0.00215604
-0.0121262
0.00383308
0.00708393
0.00288776
0.0377391
0.0587895
0.0827832
0.110031
0.13321
0.146273
0.0890945
0.042074
0.0285386
0.00572491
0.0124971
0.0234555
0.0317439