-1.12246
-1.39729
-1.65867
-2.17593
-2.26925
-1.65327
-0.650361
0.202961
0.957034
1.67438
2.20109
2.63104
2.95963
3.06177
2.86848
2.22702
1.68887
1.04139
0.365343
-0.33712
-0.978915
-1.58132
-2.06977
-2.70484
-3.1793
-3.08523
-2.43306
-1.31817
-0.394943
0.404088
1.13525
1.79288
2.31234
2.55523
2.48672
2.25628
1.56877
1.06227
0.465996
-0.0915444
-0.625183
-1.12649
-1.76313
-2.24577
-2.51405
-2.61987
-2.42602
-1.58378
-0.654043
0.164732
1.01901
1.75576
2.40341
2.73778
2.56549
1.95159
1.31226
0.868736
0.293549
-0.309123
-0.753571
-1.22899
-1.83514
-2.31708
-2.64802
-2.69019
-2.06932
-1.10664
-0.275422
0.668401
1.3865
2.02166
2.52059
2.66119
2.2172
1.54256
1.05338
0.527366
-0.00678562
-0.459601
-0.892129
-1.33775
-2.00365
-2.49291
-2.77232
-2.61034
-1.86287
-0.87998
-0.0458319
0.868758
1.58127
2.2029
2.64864
2.7515
2.27516
1.56627
1.0774
0.66269
0.0119148
-0.436796
-0.914037
-1.4871
-1.9955
-2.65393
-2.86962
-2.38981
-1.44146
-0.57095
0.201817
1.16476
1.97946
2.45336
2.65761
2.68989
2.43019
1.78389
1.11873
0.646217
0.178036
-0.430983
-0.996844
-1.5298
-2.07369
-2.61646
-2.90168
-2.6607
-1.81492
-0.79031
-0.147731
0.605642
1.50334
2.2008
2.49555
2.66099
2.48338
1.82055
1.31377
0.838626
0.375296
-0.138279
-0.717392
-1.35512
-2.12642
-2.76947
-3.12159
-2.96058
-2.20762
-1.31051
-0.510858
0.477655
1.4439
2.19937
2.59885
2.71283
2.51408
1.80255
1.31474
0.810039
0.397882
-0.113863
-0.708308
-1.32571
-2.13243
-2.70836
-3.01653
-2.88678
-2.26233
-1.40695
-0.355434
0.602681
1.44949
2.11599
2.5726
2.69422
2.45691
1.80157
1.37247
0.894244
0.438261
-0.0585048
-0.662568
-1.27201
-2.09034
-2.67924
-3.02688
-2.89831
-2.20049
-1.20481
-0.26837
0.635395
1.53723
2.23806
2.65924
2.71971
2.46271
1.79585
1.36428
0.835538
0.327548
-0.212649
-0.823046
-1.41289
-2.19697
-2.74629
-3.06646
-2.92662
-2.21581
-1.21534
-0.256562
0.644316
1.54413
2.24674
2.69316
2.75524
2.48645
1.8241
1.38725
0.910127
0.350589
-0.204388
-0.796611
-1.38508
-2.16308
-2.71467
-3.02251
-2.89243
-2.17371
-1.13645
-0.160152
0.719614
1.59818
2.27477
2.69295
2.74416
2.47435
1.80519
1.37152
0.805318
0.292162
-0.258318
-0.866498
-1.45011
-2.2362
-2.77407
-3.06973
-2.87456
-2.09457
-1.05551
-0.0944564
0.785269
1.6556
2.33184
2.70472
2.70599
2.33759
1.7225
1.26392
0.711743
0.241502
-0.260696
-0.844707
-1.43309
-2.23097
-2.77563
-3.06268
-2.88599
-2.13502
-1.12702
-0.0454057
0.746722
1.5822
2.2094
2.67827
2.77669
2.4739
1.82016
1.3837
0.892831
0.288048
-0.263709
-0.850575
-1.41777
-2.20996
-2.7704
-3.07044
-2.8914
-2.12928
-1.1094
0.00664789
0.793831
1.6248
2.26154
2.68938
2.71954
2.36689
1.79784
1.34124
0.790888
0.3022
-0.201642
-0.776352
-1.36568
-2.18053
-2.75942
-3.07786
-2.9073
-2.17084
-1.16122
-0.173694
0.686646
1.55769
2.25081
2.70331
2.78559
2.50423
1.83391
1.39705
0.909099
0.294798
-0.257912
-0.855087
-1.42547
-2.21517
-2.78667
-3.08677
-2.89645
-2.12923
-1.08655
-0.0713493
0.778153
1.63878
2.31722
2.71489
2.72115
2.38136
1.76586
1.29929
0.750822
0.279667
-0.215315
-0.801189
-1.40347
-2.20117
-2.77454
-3.06938
-2.88757
-2.13617
-1.12291
-0.150026
0.708226
1.57049
2.24859
2.68862
2.75479
2.47439
1.80463
1.36696
0.798801
0.293712
-0.240827
-0.839492
-1.42961
-2.23529
-2.79747
-3.1016
-2.89286
-2.11102
-1.07553
-0.0698017
0.785134
1.64081
2.32097
2.72222
2.72639
2.36999
1.74907
1.29022
0.746058
0.286498
-0.208911
-0.786231
-1.38433
-2.19538
-2.77038
-3.07483
-2.89573
-2.14168
-1.13924
-0.0565451
0.725624
1.55398
2.18828
2.66128
2.76919
2.49139
1.86764
1.42508
0.94892
0.332784
-0.212839
-0.797238
-1.3609
-2.17346
-2.75997
-3.07609
-2.90962
-2.1619
-1.11748
-0.205021
0.731767
1.57352
2.26347
2.6876
2.71537
2.39076
1.78603
1.31874
0.768289
0.304927
-0.193052
-0.784398
-1.39941
-2.20582
-2.78562
-3.07764
-2.84213
-2.04724
-1.02133
-0.0567956
0.779381
1.62414
2.28548
2.66949
2.72168
2.45882
1.78576
1.36995
0.811633
0.300657
-0.233576
-0.832207
-1.42017
-2.22846
-2.80238
-3.12001
-2.92047
-2.14173
-1.09651
-0.0852953
0.765679
1.62296
2.31287
2.71741
2.73139
2.38351
1.76072
1.29282
0.739518
0.273086
-0.221857
-0.801906
-1.40331
-2.208
-2.78597
-3.08534
-2.89824
-2.14729
-1.13642
-0.146376
0.699092
1.55824
2.238
2.69168
2.76964
2.48789
1.81695
1.37672
0.815855
0.314735
-0.216469
-0.813078
-1.40732
-2.21933
-2.79431
-3.10614
-2.90146
-2.11796
-1.08226
-0.0724839
0.775961
1.62659
2.30711
2.71183
2.71781
2.36796
1.74319
1.28758
0.746631
0.294024
-0.198557
-0.773807
-1.37245
-2.18948
-2.77347
-3.08439
-2.86687
-2.07455
-1.06108
0.022672
0.784958
1.60212
2.22665
2.65433
2.74686
2.46177
1.81832
1.38705
0.830964
0.326863
-0.201615
-0.799164
-1.39574
-2.21722
-2.80449
-3.12834
-2.92899
-2.1482
-1.09782
-0.0804814
0.76177
1.6094
2.29635
2.70418
2.71688
2.37688
1.75272
1.29141
0.743912
0.280757
-0.211339
-0.78844
-1.38448
-2.20192
-2.78938
-3.10226
-2.91993
-2.16683
-1.16123
-0.17085
0.66828
1.52341
2.21123
2.67534
2.77263
2.49646
1.82352
1.3826
0.912876
0.298538
-0.228657
-0.816187
-1.38703
-2.19895
-2.78821
-3.09694
-2.90636
-2.12699
-1.08998
-0.0684046
0.76615
1.60507
2.2905
2.7087
2.71922
2.38753
1.75871
1.30675
0.88663
0.29586
-0.202458
-0.796304
-1.38353
-2.16986
-2.76546
-3.07009
-2.872
-2.08758
-1.07594
-0.0971391
0.733241
1.57294
2.25062
2.67028
2.75172
2.46412
1.78131
1.35151
0.804005
0.318772
-0.210046
-0.814879
-1.41239
-2.2302
-2.82313
-3.13949
-2.92911
-2.12498
-1.07386
0.0390053
0.798995
1.6099
2.2383
2.6647
2.6906
2.39017
1.77848
1.31841
0.899422
0.294106
-0.206096
-0.793289
-1.36823
-2.16568
-2.75164
-3.06395
-2.88006
-2.12439
-1.10075
-0.123429
0.712595
1.55601
2.25092
2.68432
2.7268
2.39556
1.76387
1.30965
0.761919
0.30972
-0.176224
-0.750332
-1.35995
-2.18153
-2.79775
-3.11162
-2.90903
-2.15039
-1.13526
-0.139243
0.692655
1.54213
2.22023
2.68463
2.78662
2.5087
1.82767
1.39177
0.827133
0.331382
-0.19532
-0.785284
-1.38154
-2.20457
-2.79668
-3.12538
-2.93624
-2.15072
-1.10005
-0.20072
0.723323
1.54482
2.2244
2.66035
2.6963
2.4042
1.794
1.34234
0.910227
0.320212
-0.178315
-0.767081
-1.35318
-2.15152
-2.73485
-3.03932
-2.88157
-2.15732
-1.15612
-0.175281
0.65763
1.50966
2.20308
2.6762
2.73561
2.40351
1.78651
1.34368
0.897773
0.305582
-0.203434
-0.78737
-1.3669
-2.15115
-2.74227
-3.03922
-2.86788
-2.13982
-1.13995
-0.147611
0.698568
1.55105
2.23233
2.7099
2.82174
2.52081
1.82539
1.38622
0.912137
0.313647
-0.225424
-0.823009
-1.40813
-2.20057
-2.79933
-3.10056
-2.90416
-2.11248
-1.06463
-0.038292
0.777488
1.58371
2.2184
2.64789
2.65814
2.36293
1.75662
1.30729
0.884986
0.289418
-0.209341
-0.792547
-1.36839
-2.16329
-2.74014
-3.05345
-2.87318
-2.11056
-1.09981
-0.124197
0.71217
1.5567
2.25152
2.68388
2.72143
2.38503
1.75271
1.30282
0.758177
0.311009
-0.175265
-0.747654
-1.35645
-2.18086
-2.7935
-3.10582
-2.89903
-2.13825
-1.1299
-0.133813
0.699358
1.54679
2.22286
2.69006
2.79207
2.50716
1.829
1.39422
0.833282
0.339931
-0.18647
-0.775917
-1.37308
-2.19887
-2.79301
-3.1247
-2.93947
-2.15402
-1.10405
-0.206758
0.720599
1.53957
2.21939
2.65665
2.6952
2.40609
1.79236
1.34258
0.915229
0.327699
-0.168972
-0.759089
-1.34715
-2.14843
-2.73414
-3.03952
-2.84579
-2.08102
-1.06442
-0.0999656
0.728518
1.57029
2.25166
2.67335
2.70753
2.37409
1.74439
1.28883
0.743194
0.294502
-0.187237
-0.756579
-1.36118
-2.18309
-2.79155
-3.1026
-2.89864
-2.14134
-1.13311
-0.136625
0.696027
1.54508
2.22257
2.69023
2.79223
2.50781
1.82903
1.39391
0.832294
0.339302
-0.187498
-0.776984
-1.37476
-2.19989
-2.79342
-3.12399
-2.93716
-2.15112
-1.10136
-0.204536
0.722658
1.54194
2.22119
2.6576
2.69513
2.40514
1.79231
1.34211
0.913413
0.325179
-0.172093
-0.761744
-1.34885
-2.14973
-2.73459
-3.04022
-2.84674
-2.08231
-1.0662
-0.10125
0.727837
1.5703
2.25192
2.67328
2.70734
2.3727
1.74342
1.28775
0.742184
0.293378
-0.188532
-0.757813
-1.36252
-2.18387
-2.79176
-3.10213
-2.8974
-2.13961
-1.13184
-0.134824
0.698
1.54732
2.22464
2.69192
2.79279
2.50772
1.82898
1.39388
0.832261
0.338913
-0.188231
-0.777817
-1.3753
-2.19981
-2.79256
-3.12297
-2.93617
-2.15057
-1.10184
-0.204198
0.722517
1.54232
2.22184
2.65746
2.69446
2.40344
1.79124
1.34099
0.911709
0.323973
-0.173415
-0.762687
-1.34951
-2.15038
-2.73471
-3.0402
-2.84606
-2.08153
-1.06614
-0.10082
0.728932
1.5719
2.25357
2.67482
2.70837
2.37226
1.74323
1.28725
0.741777
0.292707
-0.189414
-0.758641
-1.36321
-2.18419
-2.79142
-3.10142
-2.89674
-2.13883
-1.1315
-0.134335
0.698797
1.54854
2.22584
2.69257
2.79271
2.50711
1.82857
1.39325
0.831605
0.338198
-0.189201
-0.778877
-1.3762
-2.20044
-2.79249
-3.12248
-2.9351
-2.14962
-1.1018
-0.203781
0.722792
1.54309
2.22278
2.65801
2.69448
2.40225
1.79063
1.34034
0.910655
0.323116
-0.174452
-0.763416
-1.34998
-2.15082
-2.73472
-3.0401
-2.84556
-2.08103
-1.0662
-0.100621
0.729783
1.57322
2.25491
2.67596
2.70902
2.37183
1.74299
1.28688
0.741366
0.292072
-0.190232