2.40433
1.73979
-2.45141
-2.04344
-0.398724
-1.81091
-0.394442
0.0146747
0.174898
-0.338406
-0.504968
-0.363383
-0.881102
-0.983046
-0.620749
0.999193
1.37114
0.369286
0.338193
0.677233
0.160465
0.12075
-1.00235
-0.581214
0.434694
1.11429
0.768859
0.959852
0.682571
0.344334
-0.194018
-0.0142873
-0.119128
0.0300421
-0.213432
-0.611639
0.0461016
0.168713
-0.231198
-0.254412
-0.144226
-0.0452854
-0.0966552
-0.107382
0.456434
1.0505
1.22515
0.62084
0.281357
-0.133874
-0.674122
-0.100791
0.258049
-0.151457
-0.591789
-0.0835447
0.3931
0.0672955
-0.264613
-0.480732
-0.346936
-0.223797
-0.278312
0.17228
0.509444
1.09211
0.845228
0.285542
0.136337
-0.605523
-0.574679
-0.109814
0.237967
-0.269441
-0.477916
0.0609791
-0.116882
-0.401485
-0.438633
-0.41242
-0.246037
-0.482668
-0.111882
0.213992
0.490911
1.30714
0.976464
0.377977
0.215516
-0.290244
-0.23904
-0.0776061
0.00578488
-0.256574
-0.3172
0.167046
-0.0911855
0.00553108
-0.347212
-0.557374
-0.199902
-0.402744
0.379512
1.52325
1.23423
0.795579
0.273417
0.995233
0.368923
-0.0386087
-0.298492
-0.278082
0.308285
-0.121966
-1.35413
-0.49493
-0.462861
-0.998981
-0.403726
-0.482253
-0.635718
-0.758034
-0.949033
0.118404
0.868938
0.601894
0.599783
0.684266
0.851892
-0.130284
-0.459618
-0.509723
0.0411782
-0.0232971
-0.558955
-0.771408
-0.0163523
-0.154449
-0.320145
-0.401966
-0.425721
-0.38523
-0.265492
0.179841
0.888751
1.17953
0.77298
1.86916
0.763135
-0.634882
-0.906655
-1.01563
0.479265
0.391008
-0.159968
-0.323676
0.362003
-0.337257
-0.457634
-0.284709
-0.230215
-0.39641
0.00172902
0.512054
0.974012
1.18266
0.650808
1.22292
-0.753171
-0.836802
-0.643485
-0.738063
0.374698
0.078301
-0.447993
-0.230909
0.607697
-0.295337
-0.494537
-0.49757
-0.501621
-0.591206
-0.143279
0.289805
0.690454
1.0192
0.499447
0.418375
0.641257
-0.245587
-0.544036
-0.380686
0.12692
-0.161832
-0.544594
-0.339854
0.641851
-0.166887
-0.551965
-0.588667
-0.486502
-0.487721
-0.0481403
0.292173
0.658664
0.989824
0.361513
0.341289
0.724023
-0.145284
-0.420645
-0.307963
0.0604795
-0.178247
-0.527397
-0.271141
0.719568
0.50401
-0.431551
-0.790252
-0.762019
-0.640518
-0.11869
0.275144
0.673239
0.994604
0.345482
0.289609
0.81776
-0.052887
-0.275306
-0.101866
0.147345
-0.231096
-0.554723
-0.374528
0.807857
-0.162308
-0.620906
-0.623172
-0.456433
-0.418522
0.0465707
0.339781
0.806906
1.03262
0.451089
0.477885
0.718144
-0.217981
-0.502716
-0.386766
0.00729576
-0.360208
-0.815442
-0.748414
0.736264
0.110942
-0.410785
-0.565769
-0.525808
-0.594747
-0.0704642
0.25113
0.730059
1.01973
0.460782
0.542831
0.122667
0.0381097
-0.0204331
0.0454452
0.233636
-0.184354
-0.50712
-0.235078
0.859024
0.596582
-0.423842
-0.78389
-0.741578
-0.564084
-0.133262
0.254732
0.71657
0.916496
0.21327
0.469926
-0.0569499
-0.144949
-0.220638
-0.185739
0.0336872
-0.383038
-0.814391
-0.670997
0.81624
0.241523
-0.316923
-0.553944
-0.609199
-0.681722
-0.317894
0.0305653
0.593373
0.937296
0.351124
0.661231
0.999916
-0.053475
-0.363234
-0.347884
0.0171584
-0.249971
-0.525263
-0.278168
0.772979
0.649241
-0.375891
-0.758594
-0.740445
-0.58955
-0.25191
0.0693201
0.513414
0.76191
0.102937
0.498546
0.837565
-0.154895
-0.459444
-0.41141
-0.0447875
-0.38617
-0.785356
-0.642546
0.941523
0.322653
-0.310194
-0.525378
-0.484004
-0.544685
-0.0724563
0.186429
0.670826
0.926042
0.445093
0.58811
0.933402
0.00579375
-0.290428
-0.232237
0.109012
-0.192896
-0.480767
-0.277497
0.796067
-0.0145999
-0.49876
-0.61365
-0.528149
-0.49972
-0.162648
0.158965
0.658442
0.908714
0.216018
0.612312
0.856704
-0.138627
-0.427707
-0.381833
-0.0502002
-0.390621
-0.765791
-0.695928
0.856278
0.353066
-0.231102
-0.525882
-0.525743
-0.610317
-0.217874
0.143924
0.707871
0.985804
0.386606
0.660175
0.182327
0.0488956
0.0139449
0.0015222
0.205856
-0.138738
-0.511094
-0.30679
0.727654
0.625684
-0.37542
-0.742481
-0.795197
-0.698497
-0.441365
-0.0085007
0.511076
0.751551
0.103437
0.642567
0.437253
-0.201991
-0.340528
-0.66413
0.0591368
-0.234806
-0.635656
-0.593653
0.943378
0.380034
-0.242173
-0.509003
-0.500374
-0.56508
-0.142587
0.162193
0.653043
0.822817
0.423833
0.69154
0.85055
-0.134716
-0.45843
-0.42425
0.0320757
-0.20791
-0.482532
-0.258203
0.734421
0.110343
-0.410448
-0.562746
-0.51678
-0.518468
-0.270866
0.0492085
0.546042
0.797991
0.170548
0.585174
0.878231
-0.125664
-0.439841
-0.421711
-0.00899945
-0.365629
-0.77242
-0.65979
0.906491
0.366933
-0.240085
-0.522373
-0.509368
-0.591559
-0.2095
0.0906131
0.609294
0.889666
0.355705
0.657814
1.00736
0.0303147
-0.273138
-0.226578
0.0865372
-0.187627
-0.47212
-0.259321
0.80114
0.0430351
-0.446847
-0.5903
-0.511451
-0.489058
-0.197614
0.13834
0.651334
0.892284
0.201677
0.651026
0.865025
-0.132586
-0.411596
-0.379912
-0.0488953
-0.372907
-0.749536
-0.703504
0.856817
0.431942
-0.151048
-0.513518
-0.53733
-0.622226
-0.304349
0.0971732
0.685226
0.908632
0.363428
0.709401
0.077862
-0.0771663
-0.161626
-0.196268
0.0805253
-0.198362
-0.444091
-0.212112
0.757272
0.126159
-0.348073
-0.488792
-0.498653
-0.508828
-0.273944
0.0615583
0.558404
0.784598
0.147115
0.67449
0.881799
-0.132422
-0.40975
-0.41131
-0.0307872
-0.375176
-0.776983
-0.700038
0.871227
0.491129
-0.0881319
-0.483845
-0.54135
-0.634083
-0.361633
0.039603
0.616678
0.893178
0.331634
0.703448
0.980043
-0.00131391
-0.295969
-0.272932
0.0630118
-0.144827
-0.417917
-0.226982
0.763068
0.677952
-0.309147
-0.687245
-0.725652
-0.620276
-0.399391
0.0389059
0.566512
0.756276
0.0885812
0.678068
0.852467
-0.171671
-0.474524
-0.506854
-0.121539
-0.396251
-0.730303
-0.645912
0.92646
0.880583
0.0383169
-0.462193
-0.657406
-0.648477
-0.414902
0.0203469
0.601452
0.728099
0.243944
0.637791
0.798387
-0.176755
-0.499728
-0.54576
-0.0711254
-0.200401
-0.306817
-0.122891
0.76513
0.28919
-0.165761
-0.414677
-0.41194
-0.455441
-0.266101
0.0633886
0.557939
0.714236
0.169455
0.737048
0.137126
-0.012239
-0.048934
-0.135567
0.140208
-0.274566
-0.746105
-0.748785
0.782821
0.766806
0.05562
-0.440905
-0.681467
-0.729166
-0.625348
-0.123632
0.479743
0.626643
0.144506
0.696259
0.884944
-0.218787
-0.597235
-0.71979
-0.156552
-0.43509
-0.751288
-0.608559
0.894299
0.605644
0.028422
-0.431517
-0.531287
-0.627115
-0.436825
-0.11147
0.44969
0.738733
0.204823
0.835628
1.16751
0.0433328
-0.261955
-0.266986
0.064635
-0.146815
-0.435664
-0.242028
0.810726
0.249067
-0.261029
-0.494275
-0.456068
-0.47008
-0.327095
0.0463149
0.579998
0.802674
0.174289
0.741549
0.531266
-0.133874
-0.241467
-0.532304
0.202572
-0.046445
-0.657082
-0.752824
0.786511
0.818337
-0.0190836
-0.526325
-0.693295
-0.732182
-0.538894
-0.0558603
0.538007
0.75512
0.185295
0.683215
0.963376
-0.0736289
-0.401425
-0.441363
-0.0121085
-0.313051
-0.778812
-0.730628
0.853939
0.794466
-0.0881367
-0.593056
-0.743778
-0.719421
-0.532347
-0.131993
0.438091
0.721886
0.102167
0.769932
1.14609
-0.0407954
-0.389958
-0.416883
-0.0605465
-0.216578
-0.370601
-0.0916795
0.934348
0.830735
-0.141235
-0.575186
-0.610693
-0.48724
-0.174998
0.173435
0.672573
0.789983
0.170604
0.649629
-0.0196124
-0.0906143
-0.0458878
-0.124199
0.228962
-0.167648
-0.682189
-0.761788
0.783413
0.807236
0.0316285
-0.485632
-0.692379
-0.735295
-0.580591
-0.0339951
0.584773
0.710294
0.211341
0.63439
0.790963
-0.249145
-0.618432
-0.71117
-0.151755
-0.421949
-0.726767
-0.609346
0.873817
0.573623
0.000373362
-0.457371
-0.556443
-0.658567
-0.461093
-0.105974
0.467202
0.755729
0.198783
0.848686
1.16516
0.0425335
-0.266043
-0.27859
0.0382556
-0.163047
-0.436391
-0.230146
0.794676
0.247032
-0.2403
-0.483273
-0.46356
-0.475676
-0.344851
0.0505965
0.601892
0.820467
0.187404
0.755371
0.520447
-0.146461
-0.246878
-0.543903
0.195844
-0.0458125
-0.65161
-0.759949
0.780128
0.809181
-0.00112396
-0.51241
-0.697245
-0.749216
-0.580384
-0.0768621
0.535896
0.691785
0.184277
0.720538
0.879311
-0.209919
-0.560347
-0.664399
-0.13092
-0.403054
-0.751502
-0.616563
0.921694
0.574834
-0.00610771
-0.442774
-0.533884
-0.636424
-0.434572
-0.0783535
0.484091
0.769382
0.212939
0.82846
1.14687
0.0407096
-0.265763
-0.267266
0.0525078
-0.158169
-0.433619
-0.230253
0.804071
0.230052
-0.259994
-0.494772
-0.466032
-0.472963
-0.335577
0.0541473
0.602737
0.822236
0.184806
0.754139
0.520277
-0.147221
-0.246882
-0.540695
0.19474
-0.0492752
-0.657174
-0.762613
0.777167
0.810536
-0.00361177
-0.515441
-0.696573
-0.746189
-0.571907
-0.0691489
0.540459
0.697583
0.190213
0.70876
0.868334
-0.210913
-0.561415
-0.660536
-0.126133
-0.400505
-0.749017
-0.617277
0.92495
0.564563
-0.0194026
-0.449365
-0.534548
-0.636471
-0.428726
-0.0754627
0.483861
0.771005
0.213479
0.825523
1.14625
0.0424027
-0.264175
-0.263621
0.0535702
-0.160533
-0.436697
-0.23263
0.806335
0.225289
-0.265767
-0.496474
-0.464988
-0.47096
-0.327315
0.0608116
0.607808
0.827987
0.187295
0.746191
0.513078
-0.146029
-0.244907
-0.536537
0.195986
-0.0481859
-0.656633
-0.764308
0.773485
0.805414
-0.0118701
-0.520079
-0.696515
-0.744398
-0.565266
-0.0657312
0.541555
0.70066
0.191997
0.705646
0.867417
-0.21
-0.562092
-0.659721
-0.125876
-0.401669
-0.748797
-0.617689
0.926926
0.558504
-0.0274166
-0.452541
-0.533901
-0.636161
-0.422827
-0.0708831
0.487194
0.776678
0.216678
0.821875
1.14394
0.0432629
-0.26264
-0.260364
0.0538912
-0.161953
-0.438064
-0.233729
0.806524
0.218069
-0.272364
-0.498545
-0.465426
-0.470977
-0.321996
0.0650754
0.611362
0.832607
0.188041
0.741826
0.509215
-0.14548
-0.243623
-0.534156
0.195775
-0.0485298
-0.656805
-0.764837
0.771382
0.802179
-0.0181276
-0.523503
-0.696505
-0.742659
-0.559114
-0.0622047
0.543238
0.704093
0.194027
0.702816
0.866221
-0.209387
-0.56248
-0.658934
-0.125889
-0.402575
-0.74853
-0.618066
0.927718
0.551783
-0.0346726
-0.455224