-0.101073
-0.115489
0.146829
0.196369
0.0651063
0.049671
0.0359472
0.00330897
-0.0456094
-0.0750866
-0.059832
-0.0231532
-0.0167444
-0.0283295
-0.0571433
-0.0166157
-0.0364974
-0.0698367
-0.127255
-0.0661299
-0.0195981
0.0255707
0.0434554
0.0615636
0.0287945
0.0510553
0.0698969
0.00256427
-0.0743486
-0.0946657
0.00648046
0.0398077
0.0963575
0.104954
0.0601651
0.0612743
-0.00130708
0.00753536
0.0265219
0.0327463
0.031306
0.0229016
0.0394417
0.0269319
0.0216576
0.0359301
0.0461835
0.0241866
-0.0208153
-0.0343347
-0.0171529
-0.0106413
0.0264488
0.0135222
-0.00716836
-0.0120827
-0.0256511
-0.00592854
0.00301147
0.00873987
-0.00135647
-0.0260712
0.013713
0.00912624
0.00296525
0.00970999
0.00680567
-0.0214667
-0.0365097
-0.0316063
-0.0234364
-0.000376522
0.0258959
0.00300715
0.00367994
-0.0602183
-0.0121635
-0.00288635
-0.0019283
-0.00848626
-0.0296898
-0.0367049
0.0136961
0.00504545
0.0115494
0.0187773
0.00775182
-0.0271761
-0.0340903
-0.00384192
-0.0142619
-0.00122207
0.00920191
-0.0171353
-0.0132719
-0.0700787
-0.0294312
-0.0236794
-0.0127489
-0.0246423
-0.0428504
-0.0457389
0.0353613
0.0930517
0.15618
0.0992406
0.0586902
0.106906
0.0654929
0.0397593
0.0216965
-0.00144697
-0.00937707
-0.00739796
-0.0157966
-0.0928632
-0.0450181
0.00895525
0.0383214
-0.00923252
-0.0392263
-0.0506267
0.0027301
0.0073386
0.0307455
0.033242
-0.0747496
-0.10658
-0.0217911
0.0285171
0.0128562
-0.0311536
-0.0765926
-0.108954
-0.10256
-0.0753011
-0.0862627
-0.0172528
-0.019786
-0.016946
-0.0338597
-0.0408967
-0.0200691
-0.0264573
-0.0274397
-0.020545
-0.0547193
-0.0759783
-0.0199981
0.00285132
-0.0156771
-0.0332367
-0.0232186
-0.0174548
-0.0340011
-0.0243612
-0.0494303
-0.0215904
-0.0236427
-0.00439578
-0.0134649
-0.0189381
-0.00992604
-0.0168031
0.000245631
0.00487081
-0.0295232
-0.0582441
-0.00982801
-0.0008501
-0.00616788
-0.0209827
0.00340855
0.0126414
-0.00995958
-0.00914749
-0.0116111
-0.0300299
-0.016188
0.0102291
0.0153096
0.00147353
0.00855749
0.000686803
0.013679
0.0146995
-0.0402776
-0.0687327
-0.0494718
-0.0183168
-0.0169944
-0.039355
-0.0133357
0.00666647
-0.0169773
-0.00485192
-0.00918738
-0.0223417
-0.0123411
0.0227967
0.0170577
0.0022583
0.00650297
-0.00731027
0.012223
0.0145623
-0.0409765
-0.0684297
-0.0561783
-0.0168632
-0.0218524
-0.0485692
-0.0209512
0.00559669
-0.0157793
-0.00402923
-0.0100528
0.0427891
0.0075568
0.0376609
0.0373703
0.0104883
0.00456746
-0.0107033
0.00529329
0.0132807
-0.0318904
-0.0640289
-0.0668066
-0.0305985
-0.0375861
-0.0602216
-0.0269288
0.00407793
-0.0187686
-0.00248286
-0.0120896
-0.0263476
-0.0200933
0.0188357
-9.32655e-05
-0.0121994
-0.00868364
-0.0252669
0.000766792
0.00349674
-0.0463542
-0.0655323
-0.0578499
-0.0183655
-0.0240102
-0.0451161
-0.00514615
0.0330548
-0.00919459
0.00637859
-0.00210804
-0.0233388
-0.00911933
0.0230268
0.00757513
-0.00545928
-0.000600705
-0.0159058
0.0065605
0.014405
-0.0358203
-0.0599375
-0.0219672
-0.00765737
-0.0217117
-0.0395692
-0.0218209
0.000155024
-0.020855
0.000487622
-0.00875365
0.0268256
-0.00554264
0.0209725
0.0239041
-0.00588225
-0.0189169
-0.0323295
-0.00709382
0.00294073
-0.0463989
-0.0718754
-0.0271838
-0.00753495
-0.0123939
-0.0327762
-0.00481486
0.0280531
-0.0144317
0.00901531
0.00968018
-0.0332215
-0.0140923
0.0217195
0.00939033
-0.00205568
0.000437723
-0.0178095
-0.00242565
0.00646826
-0.0430082
-0.0717208
-0.0739691
-0.0248394
-0.030752
-0.0488282
-0.0208008
0.00641571
-0.00968033
0.00721186
-0.00723702
0.0390108
0.00180097
0.0316623
0.0328553
0.00378834
-0.00709961
-0.0250807
-0.00411707
0.00129794
-0.0460096
-0.0775255
-0.0805866
-0.0314063
-0.0370794
-0.0605499
-0.0152937
0.0298615
-0.00508863
0.017922
0.00833059
-0.015186
-0.0026714
0.028721
0.0132561
-0.00243748
0.00721526
-0.0134353
0.00461384
0.0119093
-0.0375992
-0.0657704
-0.0693176
-0.0281567
-0.0348564
-0.0539127
-0.0164913
0.0135955
-0.00720217
0.00706285
-0.00729755
-0.0315898
-0.0233499
0.0142761
-0.000163269
-0.00867033
-0.011864
-0.0276621
-0.00123477
0.00513654
-0.0439866
-0.0688568
-0.071378
-0.0195115
-0.0247017
-0.0479755
-0.00414729
0.0383014
0.000339284
0.0213057
0.00528641
-0.0225877
-0.0104342
0.0235919
0.00974332
-0.00304274
0.00280728
-0.0189433
0.00104251
0.0122159
-0.0362459
-0.0642589
-0.02281
-0.00397842
-0.0165988
-0.0342487
-0.00989976
0.00949088
-0.0078934
0.0055487
-0.00232219
0.0268845
-0.00910338
0.0161543
0.0245291
-0.00483102
-0.0189549
-0.0332979
-0.00774246
-0.00709458
-0.0537408
-0.0844015
-0.0796818
-0.0230816
-0.0332592
-0.0407765
0.00377964
0.0361109
-0.00040722
0.0163335
0.00943229
-0.017413
-0.00603967
0.0208885
0.0112618
-0.00346938
0.00440612
-0.0175302
0.00316899
0.00816131
-0.0427077
-0.0698293
-0.0746702
-0.0334316
-0.0391933
-0.056788
-0.00390721
0.0192973
-0.00146139
0.0114368
0.00575561
-0.0245648
-0.0190847
0.0196942
0.00874616
0.00168253
-0.000395304
-0.019944
0.00350563
0.00596851
-0.0415806
-0.0712495
-0.075224
-0.0224274
-0.0262264
-0.0477628
-0.00296056
0.0384621
0.00547694
0.0274043
0.0138811
-0.0138229
-0.0022659
0.0299361
0.0150438
0.00053411
0.00714474
-0.0150042
0.00437186
0.0140276
-0.0351754
-0.0650865
-0.0723549
-0.0261568
-0.0339176
-0.0537704
-0.0173401
0.0140486
-0.00295422
0.0109067
-0.00643455
-0.0326614
-0.0238182
0.0123466
0.000273187
-0.00832336
-0.0120005
-0.0286241
-0.00254288
0.0032029
-0.0446118
-0.0710243
-0.0732528
-0.0184099
-0.0232339
-0.0450742
0.000948112
0.0430562
0.0061343
0.0261396
0.00700054
-0.0226861
-0.0131203
0.0209874
0.00944553
-0.00184917
0.00206466
-0.0212282
-0.00059173
0.00341341
-0.0456861
-0.0731327
-0.0275659
-0.00802419
-0.0196233
-0.035801
1.66071e-05
0.0132387
-0.00546094
0.00832287
0.00476849
-0.0362083
-0.0231332
0.01126
0.00614199
0.000773735
-0.00627979
-0.0237967
0.00110494
0.00569958
-0.0420082
-0.072784
-0.0763523
-0.0192373
-0.0213255
-0.04183
0.00462447
0.044255
0.0106517
0.0318061
0.0138817
-0.0192542
-0.0130142
0.0217249
0.0119492
0.00196357
0.00338998
-0.0203622
-0.000252236
0.0116689
-0.0363703
-0.0663333
-0.0707298
-0.0190639
-0.0256269
-0.0436257
-0.00656195
0.0184761
0.00429241
0.0165221
-0.00533472
0.031833
-0.00946705
0.0164882
0.0219434
-0.0055298
-0.017001
-0.0381228
-0.0102344
-0.00451394
-0.05071
-0.079585
-0.0816784
-0.0208825
-0.024586
-0.0434346
0.00426536
0.0440295
0.00971438
0.0305112
0.0130087
0.0367323
-0.006947
0.0197368
0.0295636
0.00726355
0.00365815
-0.024055
-0.00637444
-0.00246669
-0.0486348
-0.081587
-0.0857067
-0.0293482
-0.0326102
-0.045793
0.00450409
0.0214657
0.00759637
0.0185489
0.00451043
-0.0238891
-0.0213049
0.0135862
0.00973578
0.00116474
-0.00545061
-0.0264278
-0.00108246
0.00806715
-0.0406619
-0.0703959
-0.0234529
-0.00143372
-0.00730045
-0.0310416
0.0142106
0.0485644
0.0118588
0.0349857
0.0181763
0.0319051
-0.0179422
0.00916439
0.024892
0.00609019
-0.00193064
-0.0281437
-0.0054759
-0.00648322
-0.0514762
-0.0856574
-0.0895069
-0.0295642
-0.0315386
-0.0398912
0.0040056
0.039405
0.00794447
0.0353033
0.0202989
-0.0107191
-0.00312793
0.0287964
0.0199777
0.00928658
0.0107177
-0.0172497
-0.000105741
0.010295
-0.038203
-0.0726936
-0.081083
-0.0282523
-0.0378214
-0.0568577
-0.0163036
0.0132672
0.00530174
0.0179054
-0.00259689
-0.0332711
-0.0281717
0.00914706
0.00314535
-0.00472784
-0.0105886
-0.0297061
-0.0036277
-0.000634468
-0.0469139
-0.0759396
-0.073949
-0.0124665
-0.027116
-0.0340508
0.0221555
0.0556128
0.0242136
0.0345168
0.012138
0.0358459
-0.0117698
0.015083
0.0248996
0.0043354
0.00118113
-0.0235045
-0.00272405
0.0067098
-0.0372269
-0.0738981
-0.0789102
-0.0243065
-0.0283021
-0.0419294
-0.00584337
0.0384655
0.0062113
0.0306069
0.00678961
0.0366934
-0.000434448
0.0246028
0.0297289
0.00498106
-0.00143066
-0.0277507
-0.00728286
0.00252705
-0.045392
-0.0801369
-0.0860915
-0.0322534
-0.0399373
-0.0576341
-0.0239119
0.0024429
-0.0038811
0.0128674
-0.00991596
0.0325438
-0.00753105
0.0250644
0.028756
0.0010989
-0.00877108
-0.0331941
-0.0106651
0.000507469
-0.044458
-0.0753509
-0.0315986
-0.00869117
-0.0152565
-0.0386273
0.0156418
0.0501541
0.0157844
0.0311632
0.0105697
0.0267107
-0.0225482
0.00546562
0.0192487
-0.000222172
-0.00717619
-0.0312276
-0.00786097
-0.00722614
-0.0530617
-0.0847849
-0.0870382
-0.0282818
-0.0285114
-0.0370871
0.00672563
0.0413538
0.00697521
0.0325259
0.0166626
-0.0140002
-0.00615829
0.0258044
0.0172828
0.00723896
0.00721043
-0.0205443
-0.00193647
0.0105682
-0.0388688
-0.0718998
-0.0793782
-0.0264034
-0.0355844
-0.054735
-0.015451
0.0130215
0.00480817
0.0177729
-0.00347671
-0.035712
-0.0314165
0.00572373
0.00178078
-0.00594222
-0.0127114
-0.0312874
-0.00490145
-0.00174843
-0.047718
-0.0761469
-0.0732519
-0.00989732
-0.0243013
-0.0301463
0.0263135
0.0585201
0.0261261
0.0360728
0.0124163
0.0339305
-0.0145617
0.0121376
0.0231329
0.0036261
5.45662e-05
-0.0260761
-0.00409274
-0.00404572
-0.0483755
-0.0830032
-0.0873148
-0.0287886
-0.0331342
-0.0423354
0.00348676
0.0419932
0.00915628
0.0350108
0.0187164
-0.0116584
-0.00425642
0.0272413
0.0175082
0.00756173
0.00788621
-0.0190428
0.000117711
0.0120059
-0.0375155
-0.0705817
-0.0780398
-0.0257902
-0.0347137
-0.053919
-0.0153129
0.0131507
0.00420087
0.0171937
-0.00355225
-0.0352145
-0.0306344
0.00620515
0.00155013
-0.00632021
-0.0129384
-0.031566
-0.0050794
-0.00169107
-0.0477653
-0.0761008
-0.0731293
-0.00989227
-0.0244339
-0.0306429
0.0255115
0.0579569
0.0256357
0.035427
0.0122306
0.0340179
-0.0143768
0.0124586
0.0233418
0.00363031
9.00289e-05
-0.0255775
-0.00387306
-0.0037922
-0.0482477
-0.0827475
-0.0870236
-0.0289081
-0.0331184
-0.0425929
0.00320686
0.0418105
0.00884818
0.0344842
0.0183895
-0.0116105
-0.00378491
0.0277092
0.0175463
0.00737931
0.00789987
-0.0189338
0.000230588
0.0121777
-0.0374848
-0.070454
-0.0779521
-0.0260271
-0.0349846
-0.0543706
-0.0159852
0.0128291
0.00372782
0.0167924
-0.00378437
-0.0353884
-0.0305354
0.00629395
0.00139808
-0.00650388
-0.0128685
-0.031394
-0.00493176
-0.00151571
-0.0476081
-0.0759066
-0.0727543
-0.00984683
-0.0242954
-0.0307489
0.0252284
0.057649
0.0252234
0.0348578
0.0119592
0.0339796
-0.0141047
0.012696
0.0235286
0.00359136
9.76036e-05
-0.0253481
-0.00366377
-0.00344388
-0.0481082
-0.0825925
-0.086967
-0.0290387
-0.0332205
-0.0429155
0.00272948
0.0415091
0.00832246
0.0339814
0.0181634
-0.0117818
-0.00355717
0.0279982
0.0175192
0.00722511
0.00794644
-0.0187679
0.00034584
0.0122523
-0.0375009
-0.0703738
-0.0777676
-0.0260313
-0.0350169
-0.0544108
-0.0162426
0.0127252
0.00335041
0.0164472
-0.00395936
-0.0355155
-0.0304829
0.0062887
0.00120841
-0.00665438
-0.0128989
-0.0313312
-0.00483426
-0.00133231
-0.0474934
-0.0757188
-0.0725055
-0.00979946
-0.0242365
-0.0309164
0.024846
0.0572506
0.0247631
0.0343329
0.0117463
0.0339469
-0.0138899
0.0128892
0.0237208
0.00353631
0.000111272
-0.0251441
-0.0034848
-0.003177
-0.047996
-0.0824747
-0.0869064
-0.0291411
-0.0332892
-0.0431148
0.00240175
0.0412752
0.00783087
0.0335678
0.0179528
-0.0119011
-0.00337803
0.0282334