0.000154234
0.000408328
0.000659142
0.000826112
0.00079433
0.000604286
0.000263939
-0.000114862
-0.000472715
-0.000808814
-0.00110737
-0.0013213
-0.00147888
-0.00157576
-0.00154582
-0.00136226
-0.00117719
-0.00108209
-0.00104391
-0.00103628
-0.00104615
-0.00111086
-0.00129199
-0.00161093
-0.00207937
-0.00271842
-0.00342993
-0.00411647
-0.00468324
-0.0051513
-0.00561435
-0.00608391
-0.00655372
-0.00705957
-0.00754035
-0.00800062
-0.00843135
-0.0088517
-0.00927901
-0.0096688
-0.0100269
-0.0103848
-0.0107543
-0.0111506
-0.0116213
-0.01219
-0.0127718
-0.0132841
-0.0137315
-0.0141423
-0.0145747
-0.0150205
-0.0154914
-0.0160016
-0.0164238
-0.016808
-0.017172
-0.017576
-0.0180057
-0.0183955
-0.0187497
-0.0191062
-0.0194731
-0.0198675
-0.020328
-0.0208576
-0.0213257
-0.0217791
-0.0221784
-0.0225718
-0.0230013
-0.0234259
-0.0238444
-0.0242278
-0.0244998
-0.0247174
-0.0249484
-0.0252216
-0.0254894
-0.0257387
-0.0259927
-0.0262891
-0.0266251
-0.0269964
-0.0274542
-0.02798
-0.0284818
-0.0289618
-0.0293938
-0.029839
-0.0303132
-0.0307711
-0.0312367
-0.0316798
-0.0320096
-0.0322795
-0.0325612
-0.0329193
-0.0332824
-0.033614
-0.0339552
-0.0342645
-0.0344957
-0.034602
-0.0345064
-0.0341822
-0.0335916
-0.0328176
-0.0318827
-0.0308295
-0.0296551
-0.0283091
-0.0268356
-0.0252628
-0.0235129
-0.0215172
-0.0193341
-0.0169861
-0.0144843
-0.0117749
-0.00879816
-0.00555695
-0.00204741
0.00173931
0.00572509
0.00981015
0.0139475
0.0181674
0.0224335
0.0267382
0.0310995
0.0356273
0.0403343
0.0451299
0.0500621
0.0551277
0.0602478
0.0653827
0.0706002
0.0759721
0.081542
0.0873477
0.093437
0.0998237
0.106425
0.113097
0.119724
0.126369
0.132994
0.139564
0.146104
0.152702
0.159383
0.166133
0.173045
0.180035
0.186998
0.193905
0.200804
0.207766
0.214862
0.222121
0.229583
0.237264
0.245095
0.252974
0.260825
0.268697
0.276456
0.284062
0.291611
0.29918
0.3068
0.314482
0.322302
0.330179
0.337974
0.345661
0.353303
0.360963
0.368715
0.376597
0.384654
0.392904
0.401284
0.409706
0.418101
0.426459
0.434695
0.442834
0.450912
0.458987
0.467107
0.475275
0.483559
0.49186
0.500071
0.508168
0.516216
0.524292
0.532467
0.540766
0.549224
0.557858
0.56661
0.575398
0.584154
0.592863
0.601434
0.609894
0.618282
0.626658
0.635071
0.643531
0.652109
0.660703
0.669195
0.677551
0.685834
0.69413
0.702519
0.711032
0.719692
0.728512
0.73744
0.746403
0.755354
0.76423
0.772963
0.781584
0.790136
0.798678
0.807247
0.815847
0.824552
0.833266
0.841886
0.850396
0.85886
0.867353
0.875949
0.884665
0.893536
0.902579
0.911732
0.920923
0.930072
0.939134
0.948047
0.95685
0.965581
0.9743
0.983047
0.991838
1.00074
1.00959
1.0183
1.02691
1.03547
1.04406
1.05274
1.06154
1.07051
1.07965
1.08891
1.09819
1.10744
1.1166
1.12558
1.13442
1.14319
1.15196
1.16076
1.1696
1.17856
1.18752
1.19637
1.20508
1.21372
1.22237
1.23111
1.23997
1.24897
1.25815
1.26743
1.27675
1.28604
1.29524
1.30425
1.31313
1.32194
1.33075
1.33958
1.34846
1.35745
1.36637
1.37516
1.38384
1.39248
1.40113
1.40987
1.41871
1.42771
1.4369
1.44621
1.45554
1.46485
1.47407
1.48314
1.49209
1.50096
1.50981
1.51868
1.52757
1.53658
1.54559
1.55449
1.56324
1.57192
1.58061
1.58939
1.59829
1.60734
1.61656
1.62589
1.63525
1.64457
1.6538
1.66288
1.67184
1.68072
1.68957
1.69844
1.70735
1.71638
1.72533
1.73415
1.74286
1.75153
1.76022
1.76899
1.77788
1.78693
1.79617
1.80552
1.8149
1.82424
1.83348
1.84258
1.85155
1.86045
1.86932
1.87822
1.88714
1.89617
1.9052
1.91413
1.92292
1.93165
1.94038
1.94918
1.9581
1.96716
1.9764
1.98575
1.99513
2.00446
2.0137
2.02279
2.03175
2.04063
2.04949
2.05836
2.06728
2.07631
2.08528
2.0941
2.10282
2.1115
2.12018
2.12894
2.13782
2.14686
2.15608
2.16542
2.17478
2.18412
2.19336
2.20242
2.21133
2.22018
2.22901
2.23788
2.24677
2.25577
2.2648
2.27372
2.28249
2.29117
2.29986
2.30863
2.31751
2.32654
2.33575
2.34507
2.35442
2.36373
2.37297
2.38209
2.39113
2.40006
2.40896
2.41785
2.42677
2.4358
2.44476
2.45358
2.4623
2.47098
2.47967
2.48845
2.49736
2.50643
2.51569
2.52507
2.53448
2.54383
2.55308
2.56218
2.57116
2.58006
2.58895
2.59785
2.60679
2.61584
2.6249
2.63384
2.64265
2.65139
2.66013
2.66895
2.67788
2.68696
2.69623
2.70561
2.71502
2.72439
2.73366
2.74277
2.75177
2.76068
2.76957
2.77847
2.78741
2.79647
2.80546
2.81431
2.82305
2.83174
2.84044
2.84922
2.85812
2.86718
2.87643
2.88578
2.89516
2.90451
2.91376
2.92286
2.93183
2.94073
2.9496
2.95849
2.9674
2.97643
2.98547
2.9944
3.00319
3.01191
3.02063
3.02943
3.03833
3.04739
3.05662
3.06596
3.07533
3.08465
3.09389
3.10297
3.11193
3.12081
3.12966
3.13852
3.14743
3.15645
3.16541
3.17423
3.18294
3.19161
3.20028
3.20902
3.21789
3.22692
3.23614
3.24547
3.25484
3.26415
3.27338
3.28242
3.29132
3.30015
3.30898
3.31783
3.32672
3.33573
3.34475
3.35365
3.36241
3.3711
3.37979
3.38855
3.39743
3.40646
3.41567
3.42499
3.43436
3.44367
3.45289
3.46196
3.47091
3.47978
3.48863
3.49749
3.50638
3.5154
3.52434
3.53315
3.54185
3.5505
3.55916
3.5679
3.57676
3.58579
3.59501
3.60435
3.61372
3.62305
3.6323
3.64139
3.65036
3.65925
3.66812
3.677
3.6859
3.69493
3.70396
3.71289
3.72166
3.73036
3.73906
3.74784
3.75674
3.76579
3.77501
3.78435
3.79373
3.80306
3.8123
3.82139
3.83035
3.83923
3.84808
3.85695
3.86585
3.87488
3.88383
3.89265
3.90134
3.90998
3.91862
3.92736
3.93622
3.94525
3.95447
3.96381
3.97319
3.98252
3.99177
4.00086
4.00984
4.01873
4.0276
4.03647
4.04538
4.05442
4.06345
4.07236
4.08114
4.08985
4.09855
4.10734
4.11624
4.1253
4.13455
4.14391
4.15331
4.16266
4.1719
4.18096
4.18988
4.19873
4.20757
4.21645
4.22536
4.23438
4.24336
4.25219
4.26089
4.26953
4.27818
4.28691
4.29576
4.30478
4.31399
4.32332
4.33269
4.34202
4.35127
4.36038
4.36936
4.37825
4.38712
4.39599
4.40489
4.41391
4.42286
4.43167
4.44036
4.44901
4.45765
4.46637
4.4752
4.4842
4.4934
4.50272
4.51206
4.52135
4.53056
4.53962
4.54855
4.5574
4.56622
4.57506
4.58392
4.59291
4.6019
4.61078
4.61953
4.62821
4.63689
4.64564
4.65449
4.6635
4.6727
4.68201
4.69135
4.70065
4.70986
4.71896
4.72797
4.73688
4.74575
4.75463
4.76352
4.77253
4.78148
4.7903
4.79899
4.80762
4.81626
4.82498
4.83382
4.84283
4.85203
4.86134
4.87068
4.88
4.88924
4.89833
4.9073
4.91618
4.92503
4.9339
4.94279
4.95179
4.96074
4.96955
4.97823
4.98684
4.99546
5.00416
5.01298
5.02196
5.03111
5.04038
5.04967
5.05894
5.06812
5.07716
5.08607
5.09489
5.10369
5.11249
5.12133
5.1303
5.13926
5.14812
5.15683
5.16546
5.1741
5.18283
5.19169
5.2007
5.20989
5.21919
5.22854
5.23783
5.24703
5.25607
5.265
5.27384
5.28268
5.29154
5.30044
5.30945
5.31841
5.32723
5.33593
5.34456
5.3532
5.36193
5.37078
5.3798
5.389
5.39832
5.40768
5.41701
5.42625
5.43536
5.44433
5.45322
5.46209
5.47095
5.47986
5.48888
5.49783
5.50664
5.51533
5.52397
5.53262
5.54133
5.55016
5.55916
5.56835
5.57766
5.58699
5.59629
5.60549
5.61454
5.62347
5.63231
5.64113
5.64996
5.65881
5.66779
5.67678
5.68566
5.69441
5.70308
5.71176
5.7205
5.72934
5.73835
5.74754
5.75685
5.76619
5.77549
5.78469
5.79379
5.8028
5.81171
5.82059
5.82946
5.83836
5.84736
5.85632
5.86513
5.87382
5.88246
5.89109
5.89981
5.90866
5.91767
5.92687
5.93619
5.94555
5.95486
5.96409
5.97317
5.98213
5.99101
5.99985
6.00871
6.0176
6.02661
6.03555
6.04434
6.05303
6.06166
6.0703
6.079
6.08782
6.09681
6.10599
6.11529
6.12461
6.1339
6.14309
6.15213
6.16105
6.16988
6.17869
6.18752
6.19637
6.20534
6.21432
6.2232
6.23194
6.24061
6.24928
6.25801
6.26686
6.27586
6.28505
6.29435
6.30369
6.31298
6.32218
6.33128
6.34028
6.34918
6.35806
6.36693
6.37582
6.38482
6.39377
6.40259
6.41128
6.41991
6.42854
6.43726
6.44611
6.45512
6.46431
6.47363
6.48299
6.49229
6.50152
6.51061
6.51957
6.52844
6.53729
6.54614
6.55503
6.56404
6.57298
6.58177
6.59046
6.59909
6.60773
6.61644
6.62526
6.63424
6.64342
6.65272
6.66204
6.67133
6.68052
6.68956
6.69848
6.70731
6.71612
6.72494
6.73379
6.74276
6.75175
6.76062
6.76936
6.77803
6.7867
6.79543
6.80428
6.81328
6.82246
6.83176
6.8411
6.85039
6.85959
6.86869
6.87769
6.8866
6.89547
6.90434
6.91323
6.92223
6.93118
6.94
6.94869
6.95732
6.96595
6.97467
6.98351
6.99252
7.00172
7.01104
7.02039
7.0297
7.03893
7.04801
7.05697
7.06584
7.07469
7.08354
7.09243
7.10144
7.11038
7.11917
7.12786
7.13649
7.14513
7.15383
7.16265
7.17164
7.18082
7.19012
7.19944
7.20872
7.21791
7.22696
7.23587
7.2447
7.25351
7.26234
7.27119
7.28016
7.28914
7.29801
7.30675
7.31542
7.32409
7.33283
7.34167
7.35067
7.35986
7.36916
7.3785
7.38778
7.39698
7.40608
7.41508
7.42399
7.43286
7.44173
7.45062
7.45962
7.46858
7.47739
7.48608
7.49471
7.50334
7.51206
7.5209
7.52992
7.53911
7.54843
7.55778
7.56709
7.57631
7.5854
7.59436
7.60323
7.61207
7.62093
7.62982
7.63883
7.64776
7.65656
7.66524
7.67387
7.68251