0.000187142
0.000561065
0.000687936
0.000599294
0.000612619
0.000645059
0.000700337
0.000863601
0.00108636
0.00131087
0.00152903
0.0017878
0.00206473
0.00232675
0.00258264
0.00294199
0.00343035
0.00394241
0.00446957
0.00506667
0.00571898
0.00640441
0.00708522
0.00776309
0.00853288
0.00938248
0.0102031
0.0109631
0.0117003
0.0124154
0.0130845
0.0137408
0.0143764
0.014966
0.0155218
0.0160367
0.0165502
0.0170721
0.0175491
0.0180055
0.0184861
0.0189932
0.019514
0.0200342
0.0205515
0.02107
0.0215642
0.0220177
0.0224685
0.0229192
0.0233298
0.023734
0.0241584
0.0245842
0.0250161
0.0254719
0.0259525
0.026417
0.0268343
0.0272174
0.0275944
0.0279805
0.0283619
0.0287489
0.0291397
0.0295145
0.0298654
0.0302055
0.0305443
0.0308447
0.031113
0.0313929
0.0316942
0.0320137
0.0323493
0.0327255
0.0331122
0.0334683
0.0338046
0.0341376
0.0344894
0.0348422
0.0352013
0.0355953
0.0359961
0.0363836
0.0367478
0.0371067
0.0374651
0.0377758
0.0380536
0.0383371
0.0386282
0.0389443
0.0392879
0.0396663
0.0400463
0.0404022
0.0407388
0.041057
0.0413915
0.0417544
0.0421163
0.0425003
0.0428995
0.0433284
0.0437771
0.0442105
0.0445897
0.0448637
0.0450586
0.0452271
0.0454246
0.0456957
0.0460318
0.0464431
0.0469054
0.0473248
0.0477008
0.048069
0.0484376
0.048806
0.0491308
0.0494423
0.049803
0.0502302
0.0507752
0.0514338
0.0521265
0.0527313
0.0532299
0.0537119
0.0542391
0.0548431
0.0555277
0.0562425
0.056987
0.057741
0.0584795
0.0592205
0.0599858
0.0607975
0.0616446
0.0625237
0.0634477
0.0644015
0.0653902
0.066451
0.0674853
0.0683449
0.0690841
0.0698041
0.0705879
0.0714676
0.0724
0.0733418
0.0743016
0.0752291
0.0760851
0.0769158
0.0777592
0.0786248
0.079514
0.0804262
0.081332
0.0822136
0.0831
0.0840306
0.0848779
0.0855767
0.0862335
0.0868643
0.0875304
0.0882699
0.0890475
0.0898493
0.0907004
0.0915281
0.0922738
0.0929821
0.0936968
0.0944419
0.0952305
0.0960562
0.0968793
0.0976839
0.0984926
0.0993082
0.100132
0.100891
0.101549
0.102175
0.102836
0.103542
0.104269
0.10501
0.1058
0.106575
0.107264
0.107906
0.108555
0.109239
0.109969
0.110734
0.111488
0.112224
0.112962
0.113708
0.114475
0.115187
0.115803
0.116391
0.117013
0.117682
0.118376
0.119086
0.119847
0.120615
0.121312
0.12194
0.122553
0.123195
0.123892
0.124632
0.125365
0.126077
0.126783
0.127489
0.128219
0.128901
0.129486
0.13004
0.130614
0.131213
0.131822
0.132435
0.133096
0.133735
0.134274
0.134751
0.135226
0.135724
0.136255
0.136807
0.137342
0.137867
0.138399
0.138942
0.139492
0.139969
0.140341
0.140681
0.141052
0.141463
0.141888
0.142327
0.142829
0.143335
0.143753
0.14411
0.144459
0.144825
0.145223
0.145643
0.146048
0.146437
0.146832
0.147247
0.147633
0.147958
0.148244
0.148507
0.148781
0.149073
0.149372
0.149678
0.150026
0.150372
0.150628
0.150794
0.15092
0.151049
0.151206
0.151381
0.151539
0.151682
0.151831
0.152004
0.152144
0.152213
0.152241
0.152247
0.152278
0.152349
0.152452
0.152587
0.152799
0.153029
0.153182
0.153274
0.153353
0.153442
0.153555
0.153687
0.153811
0.153927
0.154055
0.154221
0.154425
0.154567
0.154606
0.154612
0.154645
0.154716
0.154803
0.154907
0.155069
0.155245
0.15535
0.155376
0.155374
0.155387
0.155437
0.155512
0.155577
0.155636
0.15571
0.155823
0.155978
0.156075
0.156079
0.156065
0.156095
0.15618
0.156291
0.156434
0.156662
0.156908
0.157073
0.15718
0.157287
0.157419
0.157587
0.15778
0.157962
0.158128
0.158305
0.15851
0.158745
0.158922
0.159001
0.159046
0.159114
0.159213
0.159321
0.159442
0.159614
0.159772
0.159835
0.159827
0.159803
0.159791
0.159806
0.159838
0.15986
0.159877
0.159908
0.159974
0.160071
0.160099
0.160025
0.159925
0.159863
0.159851
0.159861
0.159895
0.160002
0.160124
0.160159
0.160121
0.160064
0.160015
0.159985
0.15997
0.159945
0.159905
0.159872
0.159872
0.159851
0.159762
0.159632
0.159477
0.159331
0.159206
0.159097
0.159003
0.158965
0.158941
0.158846
0.15867
0.158457
0.158242
0.158048
0.157872
0.157687
0.157499
0.157333
0.157222
0.157138
0.156973
0.156726
0.156466
0.156258
0.156131
0.156038
0.155978
0.155995
0.156027
0.155974
0.155856
0.155729
0.155622
0.155544
0.155489
0.155427
0.155354
0.155303
0.155295
0.155316
0.155269
0.155125
0.154956
0.154824
0.154736
0.154664
0.154617
0.154631
0.154645
0.154577
0.154444
0.154298
0.154171
0.154072
0.153991
0.153901
0.153806
0.153726
0.153691
0.153699
0.153646
0.153495
0.153322
0.153191
0.153116
0.153061
0.153039
0.153101
0.153185
0.153189
0.153129
0.153061
0.153012
0.152991
0.152992
0.152985
0.152966
0.15296
0.152992
0.153065
0.15308
0.152996
0.15288
0.15279
0.152734
0.152689
0.152659
0.152682
0.152694
0.15261
0.152454
0.152277
0.152109
0.151965
0.151835
0.151694
0.151547
0.151415
0.151321
0.15126
0.151125
0.150888
0.150626
0.150399
0.150224
0.150071
0.149943
0.149891
0.149854
0.149731
0.149531
0.149303
0.149077
0.148864
0.148662
0.148449
0.148227
0.148022
0.147862
0.147682
0.147431
0.147143
0.146838
0.146557
0.146311
0.146087
0.145886
0.14574
0.145588
0.145353
0.145052
0.144731
0.144421
0.144133
0.143861
0.143578
0.143289
0.143012
0.142782
0.142593
0.142333
0.141971
0.141582
0.141231
0.140934
0.140658
0.140414
0.140253
0.140116
0.139899
0.139606
0.139288
0.138974
0.138673
0.138385
0.138087
0.137775
0.137474
0.137218
0.137002
0.136718
0.136328
0.135903
0.135502
0.135138
0.134789
0.134457
0.134175
0.133896
0.133533
0.13308
0.132581
0.132075
0.131581
0.131097
0.130601
0.130097
0.129609
0.129174
0.128779
0.128307
0.127731
0.127128
0.126566
0.126068
0.125603
0.125175
0.124831
0.124511
0.124118
0.123646
0.123131
0.122609
0.122096
0.121592
0.121075
0.120544
0.12003
0.119572
0.119157
0.118669
0.118081
0.117464
0.116885
0.116363
0.115864
0.115393
0.114971
0.11454
0.114024
0.113432
0.112812
0.112196
0.111593
0.110998
0.11039
0.109767
0.109156
0.108595
0.108017
0.107359
0.106657
0.105934
0.105233
0.10457
0.103936
0.103338
0.102829
0.102351
0.101812
0.101204
0.100551
0.0998849
0.0992202
0.0985591
0.0978866
0.0972052
0.0965497
0.0959665
0.0954396
0.0948431
0.0941453
0.0934183
0.0927363
0.092128
0.0915572
0.0910364
0.0906115
0.0902219
0.0897674
0.0892465
0.0887067
0.0881795
0.087672
0.087183
0.0866935
0.0862008
0.0857289
0.0853183
0.0849684
0.0845584
0.0840496
0.0835162
0.0830146
0.0825547
0.0821099
0.0816868
0.0813264
0.0809674
0.0805233
0.0800036
0.0794581
0.078919
0.0783938
0.0778773
0.0773502
0.0768165
0.0762978
0.0758286
0.0753849
0.0748488
0.0742228
0.0735823
0.0729887
0.0724668
0.0719765
0.071517
0.0711415
0.0707986
0.0703897
0.0699068
0.0693857
0.06886
0.0683453
0.0678427
0.0673341
0.0668137
0.0663085
0.0658608
0.0654648
0.0650019
0.0644341
0.0638307
0.0632574
0.062737
0.0622474
0.0617913
0.0614252
0.0610969
0.0607042
0.0602409
0.0597444
0.0592498
0.0587746
0.0583173
0.0578588
0.0574
0.0569671
0.0566004
0.0562993
0.0559395
0.0554796
0.0549948
0.0545477
0.0541557
0.053784
0.0534372
0.0531462
0.0528614
0.0524971
0.0520446
0.0515505
0.0510583
0.0505892
0.0501366
0.0496729
0.0491928
0.0487171
0.0482783
0.047821
0.047278
0.0466829
0.0460749
0.0454942
0.044955
0.0444427
0.0439602
0.0435578
0.0431834
0.0427417
0.0422232
0.0416566
0.0410744
0.0404919
0.0399123
0.0393199
0.0387144
0.0381298
0.0376081
0.037131
0.0365799
0.0359246
0.0352362
0.0345901
0.0340155
0.0334771
0.0329845
0.032581
0.0322063
0.0317611
0.0312444
0.0307034
0.0301693
0.0296508
0.0291491
0.0286462
0.0281395
0.0276531
0.0272281
0.0268616
0.0264318
0.0259013
0.025344
0.024817
0.0243317
0.0238619
0.0234137
0.0230253
0.0226349
0.022158
0.021603
0.0210172
0.0204332
0.0198591
0.0192911
0.0187116
0.0181246
0.0175514
0.0170266
0.0165252
0.0159272
0.0152367
0.0145294
0.013867
0.0132763
0.0127178
0.0121904
0.0117458
0.0113313
0.0108488
0.0102903
0.00968958
0.00907986
0.00847612
0.00788141
0.00728006
0.00667198
0.00608848
0.00557271
0.00510838
0.00457219
0.00393516
0.00327067
0.00264864
0.00209525
0.00157532
0.00110046
0.000718881
0.000368245
-5.37845e-05
-0.000545533
-0.0010591
-0.00156392
-0.00205184
-0.00252248
-0.00299509
-0.00347236
-0.00393004
-0.0043283
-0.0046696
-0.00507371
-0.00557839
-0.00611008
-0.00661133
-0.00707115
-0.00751546
-0.00793904
-0.00830367
-0.00867168
-0.00912782
-0.00966209
-0.0102265
-0.0107886
-0.0113402
-0.0118856
-0.0124427
-0.013007
-0.0135574
-0.0140599
-0.0145393
-0.0151153
-0.0157838
-0.0164689
-0.017109
-0.017678
-0.0182153
-0.0187219
-0.0191458
-0.0195394
-0.0200008
-0.0205382
-0.0211174
-0.0217054
-0.0222869
-0.0228593
-0.0234387
-0.0240253
-0.0245876
-0.0250833
-0.0255286
-0.0260454
-0.0266629
-0.0273079
-0.0279105
-0.0284448
-0.028946
-0.029403
-0.0297671
-0.0301008
-0.0305068
-0.0309823
-0.0314791
-0.0319667
-0.0324369
-0.0328894
-0.033344
-0.0338033
-0.0342429
-0.0346235
-0.0349474
-0.0353339
-0.0358207
-0.0363345
-0.0368179
-0.03726
-0.0376869
-0.0380934
-0.0384408
-0.0387918
-0.0392312
-0.0397485
-0.0402956
-0.04084
-0.0413735
-0.0419006
-0.0424394
-0.0429857
-0.0435183
-0.0440038
-0.044467
-0.0450264
-0.045678
-0.0463465
-0.0469702
-0.0475232
-0.0480448
-0.0485363
-0.0489456
-0.0493248
-0.0497718
-0.0502947
-0.0508591
-0.0514318
-0.0519975
-0.0525537
-0.053117
-0.0536873
-0.0542335
-0.0547134
-0.0551431
-0.055644
-0.0562456
-0.0568747
-0.0574613
-0.0579797
-0.0584653
-0.058907
-0.0592561
-0.0595751
-0.0599667
-0.0604277
-0.0609095
-0.0613817
-0.0618362
-0.0622728
-0.0627115
-0.0631547
-0.0635785
-0.0639439
-0.0642531
-0.0646247
-0.0650965
-0.0655954
-0.066064
-0.0664919
-0.0669046
-0.0672971
-0.0676309
-0.0679684
-0.0683947
-0.0688988
-0.0694322
-0.0699628
-0.0704821
-0.0709947
-0.0715191
-0.0720507
-0.072569
-0.0730404
-0.07349
-0.0740355
-0.0746732
-0.0753276
-0.0759374
-0.0764766
-0.0769847
-0.0774631
-0.0778596
-0.0782261
-0.0786604
-0.0791706
-0.0797218
-0.080281
-0.0808328
-0.0813746
-0.0819235
-0.0824795
-0.0830113
-0.0834773
-0.0838931
-0.0843801
-0.0849677
-0.0855828
-0.0861554
-0.0866599
-0.0871316
-0.0875599
-0.0878957
-0.0882018
-0.0885806
-0.0890287