0.409653
0.40901
0.408339
0.407741
0.407381
0.407437
0.407603
0.407641
0.407706
0.407971
0.408457
0.409091
0.409736
0.410133
0.410104
0.409505
0.4087
0.408012
0.407451
0.407029
0.406779
0.406715
0.407028
0.407827
0.408953
0.410327
0.411933
0.413548
0.415172
0.416903
0.418856
0.420911
0.422901
0.424607
0.425815
0.426512
0.426738
0.426736
0.426684
0.426591
0.426601
0.426814
0.427372
0.428293
0.429399
0.430376
0.430931
0.431161
0.431232
0.431328
0.431701
0.432313
0.432951
0.433349
0.433393
0.433091
0.432559
0.432
0.431478
0.430883
0.43025
0.429761
0.42967
0.430059
0.430701
0.43123
0.431513
0.431605
0.431598
0.431673
0.432025
0.432566
0.43304
0.433243
0.433227
0.432964
0.43255
0.432119
0.431644
0.431103
0.430576
0.430161
0.430072
0.430388
0.430878
0.431283
0.431544
0.431647
0.431683
0.43187
0.432302
0.432811
0.433197
0.433276
0.433108
0.432698
0.432169
0.431694
0.431196
0.430604
0.430012
0.429451
0.429147
0.429048
0.428857
0.428537
0.428223
0.427924
0.427635
0.427654
0.428204
0.429025
0.429772
0.430061
0.429765
0.42915
0.428497
0.427965
0.42763
0.427527
0.427704
0.428146
0.428922
0.429933
0.430809
0.431207
0.431073
0.430672
0.430134
0.42959
0.429295
0.429369
0.429596
0.429533
0.428844
0.427659
0.426412
0.425359
0.424595
0.424217
0.424212
0.424526
0.425287
0.426449
0.42763
0.428339
0.428414
0.428115
0.42773
0.427586
0.427862
0.428558
0.429346
0.429709
0.429352
0.42849
0.427624
0.426932
0.426451
0.426315
0.426565
0.427135
0.428104
0.429455
0.43077
0.431577
0.431722
0.431468
0.431238
0.431301
0.431685
0.432323
0.432941
0.433128
0.432589
0.43149
0.430348
0.429414
0.428653
0.428138
0.427996
0.428213
0.428866
0.429918
0.430981
0.431574
0.431516
0.431139
0.430827
0.430807
0.431143
0.431762
0.432359
0.432446
0.431754
0.430537
0.429343
0.42844
0.427752
0.427313
0.42724
0.427531
0.428243
0.429328
0.430394
0.430967
0.430879
0.430484
0.430169
0.430158
0.430503
0.431119
0.431716
0.431814
0.431143
0.429946
0.428769
0.427897
0.427282
0.42691
0.426837
0.427119
0.42786
0.428973
0.430076
0.430711
0.430728
0.430445
0.430245
0.43034
0.430779
0.431458
0.432076
0.432168
0.431483
0.430297
0.429171
0.428354
0.427759
0.427398
0.427391
0.427732
0.428471
0.429562
0.430627
0.431206
0.431149
0.430814
0.430604
0.4307
0.431118
0.431758
0.432304
0.432287
0.43164
0.430688
0.4298
0.429146
0.428695
0.428496
0.428662
0.429154
0.430006
0.431181
0.432307
0.432904
0.432843
0.432481
0.432247
0.432319
0.432681
0.433218
0.433679
0.433685
0.432957
0.431718
0.430525
0.429662
0.429045
0.428638
0.4285
0.428686
0.429322
0.430333
0.431346
0.431914
0.431862
0.431523
0.431293
0.431346
0.431693
0.432219
0.432654
0.432597
0.431913
0.430906
0.429948
0.429205
0.428648
0.428316
0.42832
0.428634
0.429312
0.430327
0.431328
0.431839
0.431715
0.431267
0.430901
0.43084
0.431088
0.431573
0.432031
0.432001
0.431222
0.429928
0.428697
0.427804
0.427162
0.426748
0.426605
0.42679
0.427428
0.428437
0.429447
0.430026
0.430005
0.429689
0.429463
0.429525
0.429892
0.430481
0.431004
0.430989
0.43037
0.429462
0.428624
0.428019
0.427607
0.427441
0.427636
0.428156
0.429036
0.430238
0.431402
0.432051
0.432056
0.431746
0.431526
0.431604
0.431994
0.432603
0.433155
0.433192
0.432463
0.431221
0.430036
0.429164
0.428503
0.428063
0.427959
0.428199
0.428847
0.42986
0.43087
0.431422
0.431362
0.431027
0.430806
0.43088
0.431253
0.431837
0.432349
0.432324
0.431693
0.43077
0.429912
0.429276
0.428827
0.428619
0.428758
0.429216
0.430034
0.431182
0.432305
0.432926
0.432913
0.432592
0.432358
0.432394
0.432707
0.433199
0.433635
0.433634
0.432882
0.43158
0.430289
0.429299
0.428526
0.427944
0.427608
0.427579
0.428
0.428813
0.429658
0.430114
0.429991
0.429556
0.429183
0.429089
0.429292
0.429719
0.430104
0.429991
0.429326
0.428392
0.42754
0.426928
0.426522
0.426374
0.426587
0.42712
0.428015
0.429245
0.430444
0.431166
0.431275
0.431089
0.43099
0.431172
0.431645
0.432321
0.432902
0.432927
0.432177
0.430892
0.429655
0.428735
0.428029
0.427541
0.427383
0.427568
0.428162
0.429129
0.430104
0.430632
0.430553
0.430188
0.429925
0.429957
0.430291
0.430845
0.43134
0.431308
0.430679
0.429756
0.428901
0.428276
0.427841
0.427652
0.427821
0.428313
0.429163
0.430336
0.431476
0.432108
0.432101
0.431781
0.431546
0.431608
0.431972
0.432554
0.433092
0.433133
0.432419
0.431187
0.430008
0.429136
0.428465
0.428014
0.427895
0.428116
0.428746
0.429746
0.430753
0.431317
0.431282
0.430968
0.430755
0.430829
0.431196
0.431771
0.432281
0.432261
0.431642
0.430731
0.42988
0.429243
0.428785
0.428564
0.428681
0.429108
0.429896
0.431017
0.432121
0.432764
0.432804
0.432559
0.432405
0.432509
0.432878
0.433413
0.433857
0.433818
0.433041
0.431736
0.430475
0.429526
0.428787
0.42827
0.428087
0.428241
0.428804
0.429746
0.430704
0.431234
0.431168
0.430818
0.430562
0.430591
0.430911
0.431444
0.431916
0.431866
0.43122
0.430278
0.429397
0.428734
0.428252
0.428009
0.428109
0.428524
0.429301
0.430413
0.431506
0.432105
0.432077
0.431735
0.431467
0.431485
0.431798
0.432327
0.432826
0.43285
0.432136
0.430895
0.429701
0.428819
0.428149
0.427691
0.427495
0.427606
0.428156
0.429077
0.430013
0.430543
0.430496
0.430162
0.429906
0.429923
0.430223
0.430727
0.43118
0.431125
0.430501
0.42959
0.428738
0.428143
0.427745
0.42755
0.427629
0.428005
0.428779
0.429871
0.430942
0.431579
0.431628
0.431376
0.431189
0.431267
0.431624
0.432182
0.432679
0.43266
0.431923
0.43069
0.429533
0.428695
0.428063
0.42767
0.427609
0.427874
0.428542
0.429573
0.430606
0.431207
0.431214
0.430948
0.430777
0.43086
0.431216
0.431732
0.432163
0.432128
0.431502
0.430539
0.429601
0.428904
0.428399
0.428085
0.428031
0.42826
0.428878
0.429817
0.430743
0.431255
0.431189
0.430805
0.430474
0.430411
0.430625
0.431052
0.431442
0.431353
0.430731
0.429821
0.428972
0.428337
0.427871
0.427646
0.427758
0.428175
0.428949
0.430053
0.431146
0.431762
0.431772
0.431451
0.431177
0.431185
0.431484
0.432002
0.432497
0.432518
0.431802
0.430563
0.429378
0.428485
0.427779
0.427294
0.427133
0.427302
0.427876
0.428822
0.429788
0.430342
0.430321
0.430015
0.429778
0.42981
0.430121
0.430633
0.431106
0.431102
0.430526
0.429627
0.428754
0.428112
0.427669
0.427436
0.427469
0.427791
0.428502
0.429532
0.430544
0.431096
0.431046
0.430651
0.430298
0.430218
0.430429
0.430868
0.431302
0.431297
0.430721
0.429819
0.428948
0.42831
0.427859
0.427607
0.427614
0.427905
0.42859
0.429592
0.430574
0.431096
0.431019
0.430591
0.430196
0.430084
0.430265
0.430674
0.431083
0.431037
0.430299
0.42908
0.427947
0.427163
0.426624
0.42633
0.426322
0.426641
0.427403
0.428523
0.429639
0.430331
0.430437
0.430259
0.430163
0.430312
0.430729
0.431315
0.43183
0.431869
0.431307
0.43041
0.429535
0.428886
0.428423
0.428152
0.428133
0.428391
0.429034
0.429995
0.430939
0.431462
0.431402
0.431036
0.430733
0.430703
0.430951
0.43141
0.431827
0.431762
0.431159
0.430265
0.429431
0.428806
0.428345
0.428119
0.428225
0.428633
0.429398
0.430492
0.431573
0.432175
0.43217
0.431838
0.431558
0.43156
0.431851
0.432355
0.432835
0.432841
0.432109
0.430854
0.429652
0.428741
0.428013
0.427505
0.427318
0.42746
0.428009
0.428937
0.429889
0.430438
0.430417
0.43011
0.429872
0.429899
0.430202
0.430706
0.431172
0.431165
0.430594
0.429697
0.428824
0.42818
0.427733
0.427494
0.427518
0.427827
0.428522
0.429536
0.430536
0.431119
0.431126
0.430817
0.430554
0.43055
0.430818
0.431295
0.431728
0.431674
0.431074
0.430186
0.429353
0.428726
0.428262
0.428035
0.428145
0.42856
0.429331
0.430431
0.431517
0.432117
0.432104
0.431764
0.431481
0.431482
0.431774
0.43228
0.432761
0.432769
0.432038
0.430786
0.429588
0.428682
0.42796
0.427457
0.427276
0.427423
0.427977
0.428908
0.429863
0.430412
0.43039
0.430083
0.429844
0.429871
0.430173
0.430676
0.431142
0.431134
0.430559
0.429658
0.428782
0.428136
0.427687
0.427448
0.427472
0.427782
0.428479
0.429497
0.430499
0.431083
0.43109
0.430782
0.430522
0.430522
0.430794
0.431277
0.431716
0.431665
0.431069
0.430183
0.429352
0.428728
0.428267
0.428042
0.428155
0.428572
0.429346
0.430449
0.431535
0.432135
0.432121
0.43178
0.431499
0.431501
0.431795
0.432303
0.432786
0.432796
0.432065
0.430813
0.429616
0.428711
0.42799
0.427489
0.42731
0.42746
0.428018
0.428952
0.42991
0.430461
0.43044
0.430134
0.429896
0.429925
0.43023
0.430736
0.431204
0.431197
0.43062
0.429719
0.428842
0.428194
0.427745
0.427504
0.427528
0.427837
0.428534
0.429551
0.430554
0.431137
0.431142
0.430832
0.430572
0.430572
0.430846
0.431331
0.431771
0.431721
0.431123
0.430236
0.429404
0.42878
0.428318
0.428093
0.428206
0.428624
0.429399
0.430503
0.431591
0.432191
0.432175
0.431834
0.431553
0.431557
0.431852
0.432361
0.432845
0.432854
0.432123
0.43087
0.429672
0.428767
0.428047
0.427546
0.427368
0.427519
0.428078
0.429014
0.429973
0.430524
0.430502
0.430195
0.429958
0.429987
0.430294
0.430801
0.43127
0.431262
0.430684
0.42978
0.428901
0.428252
0.427802
0.42756
0.427582
0.427891
0.428587
0.429605
0.430607
0.43119
0.431193
0.430883
0.430622
0.430623
0.430899
0.431385
0.431826
0.431776
0.431176
0.430288
0.429456
0.42883
0.428369
0.428143