0.0269928
0.0200166
0.025836
0.00265564
-0.00957427
-0.0274105
-0.0374638
-0.0379394
-0.032664
-0.0296282
-0.0221629
-0.0127666
-0.013255
-0.00200375
0.0131589
0.0308045
0.0175805
0.0127403
0.0042513
0.00321029
-0.00337738
-0.0121193
-0.0306702
-0.0440148
-0.058464
-0.0646716
-0.0696657
-0.051984
-0.0413335
-0.029332
-0.0378445
-0.0336869
-0.0451028
-0.0497512
-0.0498603
-0.0489942
-0.0394794
-0.0453904
-0.040337
-0.0369493
-0.0356232
-0.0399057
-0.0418573
-0.0469644
-0.0538815
-0.0612699
-0.0527439
-0.048342
-0.0414601
-0.0400202
-0.0415984
-0.0404972
-0.047963
-0.050906
-0.0396502
-0.0336174
-0.0334567
-0.0401461
-0.0383614
-0.0311185
-0.0305882
-0.0341584
-0.0379552
-0.0436675
-0.050465
-0.0446691
-0.0476152
-0.0427495
-0.0380467
-0.0400334
-0.0412469
-0.0377612
-0.0418304
-0.0299092
-0.0231226
-0.0176819
-0.0242352
-0.0252878
-0.0222007
-0.0204406
-0.0234336
-0.0310868
-0.0351669
-0.0407218
-0.0512159
-0.0476777
-0.0506092
-0.0446262
-0.0418191
-0.0444714
-0.044169
-0.0413727
-0.0478593
-0.0356596
-0.028137
-0.0217805
-0.0287272
-0.0366446
-0.0293839
-0.0286071
-0.0316286
-0.0237986
-0.0188154
-0.00166018
0.0188355
0.0470884
0.0672837
0.0824487
0.0991534
0.110936
0.129245
0.145723
0.151599
0.16694
0.187229
0.213996
0.231512
0.245783
0.25871
0.28234
0.306807
0.331225
0.358167
0.387696
0.403998
0.410823
0.41873
0.420962
0.426838
0.428374
0.441257
0.465473
0.477913
0.483978
0.506428
0.520759
0.52001
0.522043
0.531844
0.545043
0.56368
0.586504
0.615536
0.645481
0.665363
0.668941
0.65674
0.661402
0.657785
0.653114
0.657071
0.668445
0.672811
0.680136
0.700452
0.705405
0.695957
0.692116
0.690972
0.698178
0.710759
0.725952
0.748684
0.771379
0.7863
0.790288
0.779271
0.782843
0.762871
0.756088
0.756309
0.762763
0.765674
0.773356
0.791587
0.792314
0.77782
0.769396
0.766316
0.768941
0.778025
0.789707
0.809188
0.828291
0.841412
0.843856
0.839403
0.825064
0.81466
0.809656
0.807562
0.812473
0.815659
0.820814
0.835322
0.835011
0.819264
0.80934
0.806044
0.810386
0.819696
0.830034
0.848488
0.866447
0.878739
0.880168
0.874846
0.858475
0.847219
0.840715
0.838255
0.842262
0.844881
0.850036
0.864397
0.863369
0.846463
0.833142
0.828033
0.831163
0.841829
0.851142
0.868004
0.884613
0.896149
0.89805
0.89243
0.875745
0.864103
0.857777
0.855525
0.858546
0.859817
0.863325
0.87683
0.875437
0.859662
0.850077
0.846453
0.851789
0.861161
0.87141
0.889962
0.907431
0.918592
0.918027
0.911032
0.893181
0.882163
0.87561
0.872894
0.876073
0.877296
0.887737
0.893076
0.882374
0.867295
0.859178
0.855461
0.859215
0.868208
0.879416
0.899647
0.918
0.928741
0.928549
0.920731
0.902644
0.88521
0.879215
0.877063
0.881038
0.883048
0.887524
0.902022
0.899681
0.882045
0.867857
0.8635
0.866786
0.877338
0.886332
0.903837
0.920968
0.931533
0.931068
0.924643
0.906514
0.888832
0.882772
0.880814
0.88428
0.885973
0.89685
0.902672
0.890268
0.875331
0.866722
0.863272
0.866595
0.873843
0.884395
0.904562
0.923194
0.933907
0.933301
0.925704
0.908103
0.896109
0.888247
0.885394
0.88836
0.888757
0.893049
0.907029
0.904916
0.886809
0.872501
0.86757
0.870329
0.881401
0.890056
0.907966
0.925589
0.936233
0.935389
0.927973
0.909816
0.897859
0.889935
0.886481
0.888746
0.889564
0.899964
0.904103
0.892665
0.877427
0.86918
0.86514
0.868016
0.876817
0.888241
0.908288
0.927313
0.938233
0.937879
0.929344
0.911335
0.899327
0.891927
0.888992
0.891335
0.891602
0.89558
0.909166
0.906851
0.888911
0.877646
0.872071
0.87466
0.88232
0.891803
0.910488
0.927835
0.93802
0.936143
0.928457
0.910329
0.898674
0.890363
0.886901
0.889265
0.889594
0.900476
0.905141
0.893846
0.878484
0.869939
0.865494
0.868104
0.876281
0.887434
0.907633
0.926265
0.937138
0.936708
0.928408
0.910744
0.892542
0.885911
0.883812
0.887537
0.88867
0.893028
0.908743
0.906335
0.888865
0.874363
0.869391
0.871472
0.881218
0.889471
0.907528
0.925017
0.934809
0.933821
0.926927
0.909497
0.905524
0.894878
0.890214
0.892276
0.889986
0.900776
0.904776
0.893114
0.877989
0.86986
0.86553
0.868674
0.877918
0.890024
0.910549
0.930104
0.941093
0.939357
0.930203
0.912804
0.900872
0.893557
0.890128
0.892199
0.892632
0.897751
0.911941
0.909518
0.890987
0.879635
0.873479
0.876076
0.883962
0.893419
0.912342
0.930326
0.941232
0.939921
0.931582
0.913155
0.901291
0.893235
0.88983
0.892057
0.892526
0.903135
0.907394
0.896103
0.880473
0.871833
0.867243
0.869694
0.877863
0.8889
0.909184
0.928214
0.939025
0.938323
0.929636
0.911559
0.899456
0.891675
0.888633
0.890738
0.890848
0.895037
0.908979
0.906896
0.888894
0.877567
0.871788
0.873799
0.88118
0.890724
0.909491
0.927031
0.937323
0.9356
0.927785
0.910072
0.898271
0.88982
0.886293
0.888603
0.88863
0.899666
0.904165
0.892986
0.877569
0.869095
0.86448
0.866957
0.875158
0.886417
0.906874
0.925776
0.936821
0.935614
0.927007
0.909988
0.891587
0.885144
0.882835
0.886433
0.887596
0.892746
0.907945
0.905045
0.886437
0.875054
0.869136
0.870871
0.878268
0.888036
0.906931
0.92504
0.935898
0.934743
0.926697
0.908721
0.896923
0.888814
0.885507
0.887842
0.887697
0.898631
0.903071
0.891929
0.87648
0.867995
0.863585
0.866251
0.874731
0.886056
0.906879
0.926243
0.937514
0.937006
0.928443
0.910772
0.898575
0.89071
0.887764
0.890029
0.88953
0.894123
0.908433
0.906636
0.888484
0.874388
0.869928
0.871122
0.881827
0.890729
0.909292
0.927015
0.937148
0.935968
0.927996
0.910381
0.898371
0.889836
0.886256
0.888519
0.88799
0.899845
0.903964
0.892759
0.877038
0.865078
0.862208
0.863433
0.875424
0.88688
0.906484
0.925862
0.937316
0.937393
0.928817
0.911789
0.899609
0.891619
0.888028
0.889912
0.889295
0.894847
0.908692
0.905804
0.886806
0.875919
0.8695
0.871446
0.880281
0.890659
0.909922
0.928698
0.939857
0.938827
0.929579
0.911328
0.892969
0.886815
0.884604
0.888454
0.889266
0.900395
0.906149
0.894775
0.878996
0.866659
0.863326
0.864337
0.875683
0.886301
0.906125
0.925032
0.936055
0.936098
0.928444
0.911973
0.899473
0.890747
0.887028
0.889036
0.88818
0.900043
0.903272
0.892035
0.875681
0.867391
0.862352
0.863981
0.871847
0.883187
0.90393
0.923995
0.935055
0.933774
0.924885
0.907556
0.894674
0.886202
0.883224
0.885682
0.885397
0.890058
0.904525
0.902689
0.884215
0.873606
0.867656
0.869193
0.876547
0.886297
0.905549
0.923649
0.934431
0.933305
0.925014
0.907436
0.903818
0.893326
0.888808
0.890678
0.887871
0.898673
0.903569
0.892647
0.877106
0.865238
0.861903
0.862768
0.874276
0.885148
0.905109
0.923721
0.934438
0.934773
0.92709
0.910357
0.897601
0.889209
0.886088
0.888327
0.887571
0.898466
0.902741
0.891995
0.876076
0.86399
0.860452
0.861124
0.872152
0.882328
0.901477
0.920015
0.929977
0.929213
0.921413
0.904842
0.89197
0.882777
0.879619
0.88227
0.881996
0.887243
0.901489
0.899676
0.881112
0.866919
0.86229
0.864138
0.875744
0.885666
0.903882
0.922487
0.93383
0.933503
0.925279
0.907306
0.894557
0.887585
0.884098
0.887488
0.887972
0.899257
0.904732
0.893308
0.877477
0.865628
0.862489
0.863656
0.875186
0.886118
0.905907
0.92444
0.935459
0.935613
0.927927
0.911336
0.899158
0.890783
0.886991
0.888887
0.888074
0.900021
0.903199
0.891939
0.875607
0.867355
0.86228
0.863915
0.871758
0.883091
0.903768
0.923581
0.934439
0.93289
0.924153
0.906951
0.894214
0.8856
0.882612
0.885042
0.884581
0.889351
0.904147
0.902377
0.883967
0.873291
0.867407
0.86885
0.876139
0.885982
0.905201
0.923247
0.934011
0.933014
0.924801
0.907439
0.903822
0.893238
0.888802
0.890735
0.887672
0.898596
0.90348
0.892702
0.877203
0.865326
0.862012
0.862813
0.874403
0.885402
0.905484
0.924231
0.935004
0.934708
0.926608
0.910374
0.897974
0.889275
0.885523
0.887594
0.886912
0.898686
0.902086
0.890734
0.874579
0.866363
0.861377
0.863005
0.8708
0.881993
0.902737
0.922521
0.93341
0.931911
0.923187
0.905912
0.893254
0.884819
0.881873
0.8843
0.883929
0.888707
0.903465
0.901727
0.883395
0.872793
0.866947
0.868431
0.875716
0.885569
0.904783
0.922844
0.933605
0.932566
0.924375
0.907002
0.903387
0.89281
0.888392
0.89038
0.887365
0.898265
0.903235
0.892451
0.876951
0.865091
0.861795
0.86265
0.874246
0.885226
0.905303
0.924031
0.934824
0.934541
0.926471
0.910217
0.897849
0.889223
0.885483
0.887557
0.886933
0.898661
0.902032
0.890672
0.874541
0.866335
0.86138
0.86303
0.870818
0.882005
0.902741
0.922513
0.933381
0.931836
0.923102
0.905792
0.89314
0.884722
0.88178
0.884201
0.883872
0.888647
0.903413
0.901679
0.88335
0.872727
0.866898
0.86841
0.875682
0.885513
0.904693
0.922724
0.933489
0.93245
0.924297
0.906925
0.903351
0.892802
0.888378
0.890347
0.887354
0.898226
0.903194
0.892396
0.876907
0.865079
0.861778
0.862661
0.874244
0.88521
0.905274
0.92398
0.934754
0.934431
0.926374
0.9101
0.897758
0.889146
0.885417
0.887493
0.886897
0.898611
0.901995
0.890629
0.874523
0.86632
0.8614
0.863074
0.870848
0.882026
0.902746
0.922489
0.933341
0.931785
0.923058
0.905734
0.893108
0.884704
0.881767
0.884173
0.883857
0.888625
0.903388
0.901653
0.883341
0.872709
0.866891
0.868431
0.875696
0.885518
0.904681
0.922688
0.933443
0.932377
0.924253
0.906884
0.90335
0.89281
0.888384
0.890342
0.887365
0.898225
0.903202
0.892387
0.876905
0.865098
0.861794
0.862698
0.874264
0.885213
0.90526
0.923941
0.934697
0.934344
0.926304
0.910016
0.8977
0.889098
0.885377
0.887451
0.886875
0.898571
0.901967
0.890591
0.874504
0.866302
0.861411
0.863107