0.03511
0.035456
-0.0130529
-0.00560843
0.00833876
-0.00154436
0.0121385
0.0200564
0.0237598
0.0196296
0.0210776
0.026129
0.0242192
0.0244568
0.0282519
0.0505038
0.0553762
0.0528327
0.0565352
0.0652579
0.0664981
0.070805
0.0637098
0.0663233
0.0780311
0.0804567
0.073371
0.0718482
0.0721775
0.0698255
0.0640133
0.0670516
0.0595534
0.0577433
0.0527394
0.0482917
0.0535475
0.0503616
0.0449773
0.0464825
0.0495271
0.0511428
0.0513677
0.0499507
0.050207
0.051119
0.0472222
0.0436864
0.0466133
0.0439915
0.0397493
0.0429828
0.0434765
0.0427438
0.0440348
0.0465298
0.0484181
0.0432942
0.0392349
0.0368387
0.0383842
0.0389372
0.0376228
0.0396513
0.0382815
0.0365969
0.0338591
0.0343362
0.0333674
0.027397
0.0278684
0.0297494
0.0316297
0.0326729
0.0345407
0.0399549
0.0365861
0.0342241
0.0330652
0.0340458
0.037051
0.0344364
0.0377449
0.040331
0.0386996
0.0376979
0.0350189
0.0368593
0.0349846
0.0282834
0.0292432
0.0293919
0.0301808
0.0333481
0.0350742
0.03942
0.0352931
0.0348829
0.0317188
0.0315141
0.035241
0.0373566
0.0350951
0.0412232
0.0384525
0.0446058
0.0421814
0.0408991
0.0311812
0.0227533
0.0202827
0.0195095
0.0247889
0.0302355
0.0324814
0.0426023
0.0425036
0.0355479
0.0347049
0.0340484
0.034355
0.0331962
0.0239391
0.0280654
0.0334479
0.0432038
0.0564198
0.0653898
0.0626542
0.0478307
0.0423017
0.045348
0.0516516
0.0605713
0.0667459
0.06873
0.0741369
0.0716855
0.0711188
0.0714346
0.0746241
0.0790077
0.0790495
0.0828313
0.0883532
0.0925349
0.098036
0.106128
0.0911449
0.0727962
0.0697296
0.0705632
0.0822342
0.0887832
0.0906277
0.0904354
0.0945236
0.0853462
0.081313
0.0807965
0.0837116
0.0847306
0.0874535
0.0890588
0.0875926
0.0860008
0.0875483
0.0921137
0.071059
0.065506
0.0650594
0.0616947
0.0717369
0.0747382
0.0759579
0.0790869
0.0856649
0.0754665
0.070488
0.0688475
0.0716364
0.0739385
0.0784733
0.080006
0.0783605
0.0777878
0.0778619
0.0786008
0.0798234
0.0676404
0.0619096
0.0629818
0.0688938
0.0703883
0.0705004
0.0731416
0.080266
0.0709973
0.0643677
0.0618815
0.0648758
0.0674233
0.0721441
0.0728109
0.0707986
0.0707518
0.0702867
0.0721295
0.0748478
0.06277
0.0576179
0.0588181
0.0646842
0.0671161
0.0674824
0.0703837
0.0774616
0.0723873
0.0637613
0.059061
0.0599499
0.0626388
0.0685135
0.069587
0.0676327
0.0672924
0.0659006
0.066911
0.0711396
0.0591368
0.0539845
0.0547507
0.0584291
0.0580977
0.0571939
0.0588906
0.0665637
0.0559225
0.0477852
0.0443111
0.0464793
0.0480034
0.0518112
0.0514276
0.0498054
0.0502356
0.0500366
0.0516238
0.0522086
0.0392109
0.0339723
0.0346467
0.0398196
0.0413061
0.0402535
0.0430847
0.052867
0.044372
0.0363889
0.0326653
0.0340534
0.0343508
0.038279
0.037739
0.0359894
0.0363011
0.0363277
0.0393889
0.0314582
0.0284522
0.0252434
0.0249282
0.0276375
0.026874
0.0257676
0.0273736
0.0342877
0.0279955
0.017632
0.0110187
0.0098274
0.0106441
0.0145653
0.0142517
0.0119127
0.0117488
0.0111831
0.0154862
0.00617711
0.00331239
-0.000123838
0.000270695
0.00453869
0.00727346
0.00820551
0.012942
0.0237552
0.016831
0.009572
0.0056868
0.00637176
0.00659114
0.00904977
0.00859618
0.00776969
0.008881
0.00985096
0.0154752
0.0177202
0.00454877
-0.000659118
-0.000291017
0.00521184
0.00600436
0.00576484
0.00923999
0.0170528
0.0127419
0.00350266
-0.00221451
-0.00247868
-0.000815579
0.00322273
0.00304113
0.00148579
0.00298229
0.00423308
0.0105716
0.0131791
0.000907392
-0.00335012
-0.00106842
0.0058818
0.00972491
0.0103883
0.0154449
0.0267472
0.0193177
0.0113615
0.00784561
0.0100964
0.0111608
0.0149597
0.0146529
0.0134547
0.0138427
0.015067
0.0190576
0.0213225
0.00896857
0.00375677
0.00405313
0.0087347
0.00846636
0.00751841
0.010053
0.0176891
0.00846185
7.27911e-05
-0.00448988
-0.00340743
-0.00272101
0.000610579
0.000168306
-0.00106363
0.00030689
0.000798108
0.0064763
0.00771003
-0.0056116
-0.0102709
-0.00888837
-0.00281624
-5.56863e-05
-0.00031048
0.00349501
0.014129
0.0065941
-0.00195977
-0.00708376
-0.00637413
-0.00672931
-0.00435689
-0.00481613
-0.00614534
-0.00595127
-0.00577693
-0.000519165
-0.00921452
-0.0128997
-0.0159801
-0.0166881
-0.0139949
-0.0145127
-0.0151921
-0.0122972
-0.00430238
-0.0084442
-0.0175771
-0.0233798
-0.0246861
-0.0242522
-0.0213021
-0.0215766
-0.0228847
-0.0213025
-0.0191905
-0.0111142
-0.0129481
-0.0253755
-0.0268626
-0.026363
-0.0162179
-0.0109052
-0.00990053
-0.0054294
0.00516747
-0.00234808
-0.0106233
-0.0147292
-0.0130747
-0.0123648
-0.00907246
-0.00899677
-0.0101263
-0.00934763
-0.00629508
-0.00113305
-0.000181504
-0.0126575
-0.0170763
-0.0159014
-0.00979329
-0.00893606
-0.00905969
-0.00473883
0.00282884
-0.00419242
-0.0121758
-0.016304
-0.0148179
-0.013631
-0.0106987
-0.0111403
-0.012436
-0.0110507
-0.00965558
-0.00273959
-0.00054702
-0.0133633
-0.0179781
-0.0163
-0.00933948
-0.00599921
-0.00583517
-0.000847397
0.0105608
0.00347889
-0.00459868
-0.00890342
-0.0071922
-0.0066891
-0.00370068
-0.00404232
-0.0050759
-0.00418776
-0.00281698
0.00292663
0.00535982
-0.00729846
-0.0124123
-0.011788
-0.00687095
-0.00668068
-0.00757564
-0.00474257
0.00288374
-0.00606232
-0.0145839
-0.0194954
-0.0186148
-0.0181182
-0.0152463
-0.0157128
-0.016959
-0.0158081
-0.0152548
-0.00901355
-0.00807983
-0.0216521
-0.0261954
-0.0250133
-0.0190492
-0.0162653
-0.0165639
-0.0127259
-0.00199633
-0.0091621
-0.0178874
-0.0237448
-0.0234965
-0.0241967
-0.0226461
-0.0231148
-0.024514
-0.0237362
-0.021966
-0.0154641
-0.0250085
-0.0282494
-0.0307129
-0.0304971
-0.0261422
-0.0250143
-0.0247514
-0.0212392
-0.0140135
-0.0214513
-0.0292526
-0.0334164
-0.0326872
-0.0319559
-0.0291661
-0.0295115
-0.030982
-0.0302414
-0.0292809
-0.0217814
-0.0206083
-0.0341451
-0.0387608
-0.0376503
-0.0312402
-0.0284134
-0.0284812
-0.0236669
-0.0123728
-0.0188359
-0.0271335
-0.0329034
-0.0324513
-0.0329427
-0.0315032
-0.0319766
-0.033352
-0.0330844
-0.0320134
-0.0252724
-0.023884
-0.0373523
-0.0426773
-0.0424927
-0.0377146
-0.0373337
-0.0383308
-0.0356299
-0.0286897
-0.0340594
-0.0441137
-0.0509267
-0.0527507
-0.0528545
-0.0509379
-0.0511764
-0.0528845
-0.0522558
-0.0509542
-0.0427612
-0.0421525
-0.0561043
-0.0605259
-0.0594623
-0.0523187
-0.0481478
-0.0473259
-0.0422933
-0.0312463
-0.037126
-0.0452063
-0.0517176
-0.0536104
-0.0539849
-0.0531768
-0.0535596
-0.0554391
-0.055566
-0.0529799
-0.0450366
-0.0439653
-0.0571856
-0.0616261
-0.0610637
-0.0540071
-0.0514319
-0.0512618
-0.0477134
-0.0416933
-0.0489207
-0.0572115
-0.0626733
-0.0622847
-0.0621138
-0.0602467
-0.060754
-0.0627056
-0.0631004
-0.0619495
-0.0542595
-0.0644195
-0.0686858
-0.0716796
-0.0716395
-0.067643
-0.0658438
-0.0652503
-0.0600357
-0.0482989
-0.0532729
-0.0597133
-0.0657748
-0.0679291
-0.0689652
-0.0688535
-0.0694811
-0.0712587
-0.070533
-0.0669021
-0.0568501
-0.0552013
-0.0687867
-0.0730368
-0.0727078
-0.0638507
-0.0585304
-0.0565064
-0.0497629
-0.038116
-0.0429666
-0.050289
-0.0555325
-0.0545637
-0.0544104
-0.052854
-0.0527807
-0.0531373
-0.0513751
-0.0488182
-0.0394701
-0.0368532
-0.0503677
-0.0547311
-0.0535576
-0.0478462
-0.0465954
-0.0471972
-0.043206
-0.0350905
-0.0422473
-0.0506403
-0.0560097
-0.0553933
-0.055005
-0.0534097
-0.0538777
-0.0551907
-0.0544036
-0.0531789
-0.0453931
-0.0475309
-0.0617479
-0.0633582
-0.0630581
-0.0540918
-0.0504897
-0.0504457
-0.0458862
-0.0343313
-0.0390273
-0.0466647
-0.0526999
-0.0540174
-0.0544876
-0.0533969
-0.0534646
-0.0546751
-0.0545682
-0.0527448
-0.0441283
-0.0423343
-0.0558485
-0.0610197
-0.0609798
-0.054639
-0.0513132
-0.0506251
-0.0455443
-0.0332068
-0.0378203
-0.0454635
-0.0512461
-0.0523519
-0.0522303
-0.0505467
-0.0504341
-0.0508797
-0.0486651
-0.0458022
-0.0358103
-0.0327599
-0.0464147
-0.050754
-0.0494756
-0.0425516
-0.0392535
-0.0391638
-0.0353617
-0.0283935
-0.0336124
-0.0432201
-0.050097
-0.051437
-0.0505043
-0.0477091
-0.0474559
-0.0492117
-0.049983
-0.0498375
-0.043612
-0.0523527
-0.0587847
-0.06096
-0.0600736
-0.05568
-0.0537659
-0.0538444
-0.0496524
-0.0383886
-0.0434364
-0.0507392
-0.0573339
-0.0596061
-0.0608177
-0.0606726
-0.0611945
-0.0631473
-0.0632109
-0.0602709
-0.0516667
-0.0506866
-0.0641515
-0.0688547
-0.0687686
-0.0603343
-0.0554476
-0.0537526
-0.0477381
-0.036622
-0.0419978
-0.0497559
-0.0553942
-0.0549004
-0.0551943
-0.0538353
-0.0537478
-0.0542269
-0.0526091
-0.0503174
-0.0409433
-0.0387444
-0.0524064
-0.0568976
-0.0559697
-0.050385
-0.0492245
-0.0499209
-0.0460902
-0.0383536
-0.0456996
-0.0541227
-0.0597826
-0.0596364
-0.0595086
-0.0582342
-0.0587405
-0.060135
-0.0595976
-0.0585909
-0.0509475
-0.0533767
-0.0679945
-0.0696497
-0.0697099
-0.0608748
-0.0573889
-0.0573797
-0.0529461
-0.0414966
-0.046492
-0.0541518
-0.0604293
-0.062108
-0.0629356
-0.0623145
-0.0624636
-0.063736
-0.0629254
-0.0596085
-0.0502005
-0.0488788
-0.0625655
-0.0666355
-0.0661712
-0.0579913
-0.0532385
-0.051826
-0.0456118
-0.0339377
-0.0395634
-0.047291
-0.0527169
-0.0520142
-0.0521921
-0.0506984
-0.0506232
-0.0511941
-0.0496664
-0.0474558
-0.0384043
-0.036212
-0.0497645
-0.0543368
-0.0533833
-0.0478086
-0.0467116
-0.0474169
-0.0437337
-0.0360085
-0.0435876
-0.0520774
-0.0577107
-0.057501
-0.0573265
-0.0560043
-0.0565294
-0.0579194
-0.0573295
-0.0563628
-0.0487685
-0.0512079
-0.0658118
-0.0674798
-0.0674878
-0.058697
-0.0552615
-0.0552925
-0.0508699
-0.0394373
-0.0443683
-0.052042
-0.0583129
-0.0599619
-0.0607598
-0.0600898
-0.0602576
-0.0615693
-0.0608097
-0.0575325
-0.0483019
-0.0469806
-0.0605875
-0.0646979
-0.0642132
-0.0560599
-0.0513496
-0.0499891
-0.0438689
-0.0321877
-0.0379268
-0.0456938
-0.0510778
-0.0503327
-0.0504867
-0.0489332
-0.0488547
-0.0494298
-0.0478748
-0.0456795
-0.0366881
-0.0344922
-0.0479952
-0.0525749
-0.0516023
-0.0460404
-0.0449702
-0.045681
-0.0420206
-0.0342661
-0.0418934
-0.0503943
-0.0559966
-0.0557503
-0.0555586
-0.0541827
-0.0547076
-0.0561061
-0.0555288
-0.05462
-0.0471249
-0.0495889
-0.0641125
-0.0658161
-0.0658199
-0.0570766
-0.053677
-0.053754
-0.0493907
-0.0379888
-0.0429167
-0.0506138
-0.0568505
-0.0584679
-0.059238
-0.0584971
-0.0586609
-0.0599743
-0.0592021
-0.0559408
-0.0467651
-0.0454232
-0.0589986
-0.063128
-0.0626307
-0.0544708
-0.0497766
-0.0484353
-0.042363
-0.0306728
-0.0364719
-0.0442582
-0.0496064
-0.0488263
-0.0489649
-0.0473592
-0.0472761
-0.0478522
-0.046281
-0.0441257
-0.0352167
-0.0330276
-0.0464987
-0.0510842
-0.0501255
-0.0445967
-0.0435592
-0.0442759
-0.0406513
-0.0328954
-0.0405768
-0.0490787
-0.0546471
-0.0543806
-0.0541853
-0.0527584
-0.0532761
-0.054669
-0.0540787
-0.0532069
-0.045762
-0.0482362
-0.0627103
-0.0644301
-0.0644263
-0.0557024
-0.0523165
-0.0524199
-0.0480927
-0.0367139
-0.0416357
-0.0493502
-0.055557
-0.057149
-0.0578903
-0.0570847
-0.0572395
-0.0585518
-0.057771
-0.0545291
-0.0454082
-0.0440506
-0.0575981
-0.061742
-0.061235
-0.0530744
-0.0483968
-0.0470671
-0.0410326
-0.0293378
-0.0351882
-0.0429788
-0.0482884