-0.0641786
-0.0616238
-0.0725273
-0.0513907
-0.0140241
0.0290494
0.0127939
0.00636033
0.0174076
0.0436952
0.0584067
0.0701257
0.0577163
0.0210605
-0.0282467
-0.0831533
-0.0679308
-0.0611153
-0.0435388
-0.0336994
-0.00986381
0.00209546
0.0606051
0.09769
0.1277
0.158465
0.171598
0.163242
0.17206
0.181582
0.212073
0.200067
0.195717
0.140882
0.0914606
0.0469306
-0.00367568
0.000971961
-0.0141947
-0.00774861
0.00613603
0.0323472
0.0741152
0.104904
0.111059
0.0795914
0.0357952
0.0163156
0.00572854
0.0197451
0.0580285
0.0648079
0.0597465
0.0130613
-0.0161099
-0.0473149
-0.0605043
-0.0539543
-0.0544631
-0.0674708
-0.0621198
-0.039727
0.0162791
0.0553793
0.0667445
0.0413348
0.0191937
0.00601802
-6.68943e-05
0.0210185
0.0517784
0.0556865
0.0346775
0.00643782
-0.0130034
-0.0400699
-0.0424715
-0.0440608
-0.0515546
-0.0574373
-0.0497791
-0.0361447
0.0145977
0.0443197
0.0497828
0.0374541
0.02035
0.00873504
0.00688512
0.0368015
0.0526913
0.0489305
0.0239338
-0.00743453
-0.0296398
-0.0532387
-0.0531487
-0.0444558
-0.0575346
-0.063355
-0.0580332
-0.0569466
-0.00903014
-0.0171516
-0.0258243
-0.0360619
-0.0320236
-0.0362196
-0.033175
0.0215507
0.0712558
0.0775131
0.0587293
-0.00168175
-0.0486627
-0.0522723
-0.0388644
-0.020072
0.00579744
0.0306152
0.0632082
0.0812253
0.121269
0.115321
0.0750226
0.00025281
-0.0429413
-0.068417
-0.0799639
-0.074104
-0.0281054
0.0091706
0.0175103
-0.0275279
-0.0778391
-0.0926526
-0.0672531
-0.0397771
-0.000713159
0.0422277
0.0750028
0.102216
0.151443
0.159922
0.120764
0.0287375
-0.0443556
-0.0794216
-0.0732712
-0.0399676
0.0147296
0.0603696
0.058911
0.00745064
-0.0439666
-0.0528109
-0.0179374
-0.000502778
0.0343312
0.0729904
0.110807
0.129553
0.172953
0.175676
0.124059
0.0314606
-0.0532816
-0.086625
-0.0623506
-0.0330857
0.00945402
0.0373183
0.0347538
-0.0122106
-0.0654053
-0.0786424
-0.0454274
-0.0182473
0.00190397
0.0364408
0.0756505
0.099621
0.143714
0.147516
0.101895
0.00784204
-0.0662601
-0.0955258
-0.0747039
-0.0435203
0.00487148
0.0353464
0.0334302
-0.0254522
-0.0733129
-0.0836107
-0.0390142
-0.00644419
0.016542
0.0478867
0.0866872
0.108849
0.14796
0.147428
0.0969589
0.000351255
-0.0748955
-0.102724
-0.0806914
-0.0483186
-0.000739052
0.0292869
0.0299624
-0.02742
-0.0730425
-0.0836686
-0.0381206
-0.00307359
0.0258862
0.0511386
0.082729
0.110378
0.151284
0.148631
0.101247
0.00637963
-0.0662045
-0.0912531
-0.070284
-0.0373624
0.00861005
0.0353505
0.0321352
-0.0261211
-0.0709598
-0.0773102
-0.028547
0.00507142
0.0283696
0.0564604
0.0945783
0.112716
0.149048
0.14462
0.0935623
-0.00440918
-0.0757962
-0.0972868
-0.0709137
-0.0395532
0.00537392
0.0314405
0.0237674
-0.0315526
-0.0535004
-0.0464701
-0.0104875
0.0194754
0.0409851
0.0725031
0.108833
0.124336
0.156285
0.150108
0.095883
-0.00613541
-0.0799932
-0.104932
-0.0740027
-0.0469742
-0.00477435
0.0129556
0.0158031
-0.0335551
-0.0777647
-0.0854949
-0.0370235
0.00114339
0.0258824
0.0481383
0.0748316
0.0986044
0.139087
0.134892
0.0885674
-0.00649735
-0.0776785
-0.102027
-0.0745435
-0.0474829
-0.0037106
0.0140931
0.0147816
-0.033343
-0.0604195
-0.0538895
-0.0194279
0.0101242
0.0301215
0.0585559
0.092849
0.108034
0.141358
0.137514
0.0883455
-0.011181
-0.0835383
-0.114579
-0.0884287
-0.0586181
-0.0157199
0.0133485
0.0152407
-0.0388007
-0.0818237
-0.090021
-0.0375403
-0.00110141
0.0265292
0.0494602
0.0754951
0.100611
0.140006
0.135927
0.0890391
-0.00355692
-0.0735781
-0.100104
-0.0750695
-0.0457471
-0.00207244
0.02487
0.0222405
-0.0308091
-0.0496324
-0.0429505
-0.00462621
0.0242318
0.0452822
0.0764707
0.112714
0.128539
0.159851
0.1548
0.101057
0.00108788
-0.0724367
-0.100303
-0.0752697
-0.0449938
-0.00224628
0.0242459
0.0228112
-0.0333297
-0.077412
-0.0853296
-0.0344536
-0.00146009
0.0204944
0.0464861
0.0822765
0.10121
0.137939
0.134733
0.0858264
-0.0100994
-0.0790355
-0.102716
-0.0758692
-0.0464742
-0.00357778
0.0219777
0.0194165
-0.0330519
-0.0532372
-0.0459816
-0.00937585
0.0186249
0.0396937
0.0696675
0.104463
0.120256
0.151928
0.14767
0.0964369
-0.00342452
-0.0750245
-0.103257
-0.0768648
-0.052374
-0.0105324
0.00829519
0.0139709
-0.0349195
-0.0828939
-0.0942828
-0.0479857
-0.0123627
0.0105606
0.0312983
0.0551917
0.0784865
0.119663
0.118779
0.0756137
-0.0126123
-0.0823819
-0.112724
-0.0910262
-0.0612618
-0.0205809
0.00849746
0.00731565
-0.0376817
-0.055404
-0.0468478
-0.00763811
0.022172
0.0455638
0.077073
0.113181
0.128395
0.160781
0.156552
0.103397
0.00828262
-0.0607136
-0.0871067
-0.0620449
-0.0336781
0.00859055
0.0328256
0.026687
-0.0326665
-0.0771127
-0.0882767
-0.0364287
-0.00367616
0.0191861
0.043744
0.0798773
0.0983648
0.135629
0.133663
0.0855564
-0.00921914
-0.0790486
-0.10448
-0.078289
-0.0488619
-0.0059831
0.0213327
0.0194481
-0.031856
-0.0508979
-0.0449956
-0.00656832
0.0216865
0.0429486
0.073502
0.109203
0.124993
0.155847
0.150921
0.098289
-0.00179882
-0.0742067
-0.102777
-0.0775857
-0.047967
-0.00597959
0.0204
0.0214511
-0.0335302
-0.0771357
-0.0857225
-0.0347194
-0.00290524
0.0188142
0.0448532
0.0799889
0.0990175
0.136105
0.13387
0.086248
-0.00794718
-0.0760069
-0.101216
-0.0752143
-0.046511
-0.00429989
0.0211657
0.0195259
-0.032166
-0.0521862
-0.0457987
-0.00952517
0.0172407
0.038271
0.0674432
0.101112
0.116652
0.148556
0.144773
0.0944872
-1.19701e-05
-0.0675019
-0.09384
-0.0672758
-0.0439482
-0.00223409
0.014683
0.0156587
-0.0373115
-0.0810602
-0.0913039
-0.040619
-0.00728244
0.0145844
0.0410555
0.0766164
0.0946488
0.133016
0.13138
0.0850125
-0.00786833
-0.0766612
-0.102705
-0.0770772
-0.0486832
-0.00674347
0.0192258
0.0179124
-0.0329709
-0.0530925
-0.0477334
-0.010323
0.016423
0.03764
0.067124
0.101131
0.1168
0.148873
0.144925
0.0943092
-0.00464933
-0.0759372
-0.105866
-0.0814007
-0.0530356
-0.0119273
0.0145491
0.0176521
-0.0354547
-0.0788146
-0.088694
-0.0375186
-0.0044907
0.019585
0.0427808
0.0663914
0.0894493
0.128095
0.124781
0.0795949
-0.00978105
-0.0772904
-0.104791
-0.0802989
-0.0522546
-0.0116641
0.013843
0.0144718
-0.0338808
-0.0524315
-0.0472797
-0.00968653
0.0242374
0.0440811
0.0695204
0.0939071
0.115268
0.147801
0.140759
0.0927472
0.00147042
-0.0658814
-0.0953634
-0.0719982
-0.0448213
-0.00490237
0.0201938
0.018796
-0.0379209
-0.0757512
-0.0840659
-0.0292402
0.00102051
0.0248452
0.0527489
0.0861043
0.103932
0.140575
0.13707
0.0893096
-0.00350336
-0.0713023
-0.0956741
-0.0696317
-0.045925
-0.00305241
0.012025
0.0160405
-0.0290396
-0.0542998
-0.0528639
-0.0183475
0.015632
0.0348215
0.0584679
0.0816803
0.101174
0.133818
0.127041
0.0804004
-0.00833563
-0.0764957
-0.108801
-0.0851492
-0.0580475
-0.0187504
0.00866913
0.00923784
-0.0337389
-0.0504711
-0.047231
-0.00760052
0.0168799
0.0383495
0.0681753
0.100992
0.116293
0.147864
0.144148
0.094525
-0.00191938
-0.0715469
-0.105398
-0.081435
-0.0526808
-0.0120305
0.0150041
0.0190577
-0.0347591
-0.0775798
-0.0869341
-0.0348505
-0.00636968
0.0158404
0.0419008
0.0755802
0.0941963
0.131163
0.129772
0.0840266
-0.00609275
-0.0732554
-0.100586
-0.0794741
-0.0507104
-0.0128061
0.014075
0.0148123
-0.0283214
-0.0521776
-0.0493144
-0.0154192
0.0177566
0.0392889
0.0645751
0.0878944
0.108846
0.140853
0.134551
0.0870969
-0.0067467
-0.0778105
-0.113057
-0.0896952
-0.0622163
-0.0212845
0.0072369
0.0126565
-0.0289486
-0.0527139
-0.0503946
-0.0153144
0.0172218
0.0366606
0.0613286
0.0832442
0.104385
0.136626
0.129932
0.0823862
-0.0115264
-0.0812516
-0.118391
-0.0942566
-0.0654355
-0.0245809
0.00429452
0.0107674
-0.0413907
-0.0777324
-0.0839829
-0.0284572
0.00727427
0.0352638
0.0610572
0.0872386
0.112323
0.149828
0.14515
0.098187
0.00728087
-0.060656
-0.0863288
-0.0625478
-0.0393158
0.00252088
0.0197755
0.0240757
-0.0235829
-0.0488608
-0.0471393
-0.0139326
0.0180957
0.0378554
0.060885
0.0833655
0.102453
0.134807
0.127802
0.080834
-0.00849983
-0.0764768
-0.10693
-0.0830437
-0.0556441
-0.0160173
0.010764
0.0109002
-0.0323135
-0.0498827
-0.0463425
-0.00765303
0.0166808
0.0373079
0.0667585
0.0989926
0.114206
0.145731
0.141718
0.0922509
-0.00452454
-0.0737694
-0.107176
-0.0825113
-0.0540267
-0.0136231
0.0128351
0.0170586
-0.036816
-0.0799555
-0.089004
-0.0371665
-0.00879646
0.0130842
0.0393424
0.0725129
0.0912508
0.128961
0.12794
0.0829746
-0.00628665
-0.0730788
-0.100805
-0.0798111
-0.0513082
-0.0137343
0.0131607
0.014041
-0.0281948
-0.0519618
-0.049478
-0.0158843
0.01737
0.0385673
0.0638237
0.0869062
0.107236
0.139201
0.13307
0.0860125
-0.00255995
-0.0695641
-0.101954
-0.0789556
-0.0527128
-0.0131912
0.0136958
0.0134853
-0.0310995
-0.0486297
-0.045211
-0.00719724
0.0168492
0.0373744
0.0669198
0.0997543
0.115036
0.146469
0.142516
0.0926182
-0.00477503
-0.0745878
-0.107363
-0.0824892
-0.0539707
-0.0133671
0.0130742
0.0171974
-0.0365207
-0.0797061
-0.0886089
-0.036755
-0.00817918
0.0136782
0.0398373
0.0730819
0.091764
0.129394
0.128243
0.0831783
-0.00632649
-0.0730898
-0.100798
-0.0797535
-0.0513116
-0.0136543
0.0132855
0.0141196
-0.0283695
-0.052243
-0.0496539
-0.0160184
0.0172453
0.0385573
0.0638405
0.0870037
0.107479
0.139519
0.133389
0.0862862
-0.0024334
-0.0695564
-0.101735
-0.0786844
-0.0523508
-0.0126839
0.0142248
0.0139146
-0.0308321
-0.0484641
-0.044939
-0.0070364
0.0171013
0.0375511
0.0670956
0.0999563
0.115224
0.146601
0.142625
0.0925792
-0.00498075
-0.0747991
-0.107395
-0.0824386
-0.0538764
-0.0132026
0.0132582
0.0173382
-0.0364435
-0.079675
-0.088526
-0.0367146
-0.0080267
0.0138013
0.0399351
0.0733335
0.0920774
0.129728
0.128605
0.0834957
-0.00620201
-0.0730257
-0.100615
-0.0795745
-0.0510945
-0.01335
0.0135718
0.0142515
-0.0284549
-0.0523922
-0.0497333
-0.0161546
0.0170947
0.0384145
0.0636615
0.0868416
0.107346
0.139452
0.133344
0.0862074
-0.00267391
-0.0698502
-0.101904
-0.0787089
-0.0523199
-0.0125562
0.0143694
0.0139815
-0.0309092
-0.0486362
-0.0449786
-0.00714175
0.0170857
0.0374694
0.0670443
0.0999947
0.115311
0.146691
0.14275
0.092631
-0.00506962
-0.0749056
-0.107341
-0.0823588
-0.0538097
-0.0130897
0.0133495
0.0173289
-0.0364848
-0.0797472
-0.0885465
-0.0367663
-0.00796757
0.0138176
0.0399308
0.0734265
0.0921928
0.129869
0.128743
0.083578
-0.006316
-0.0731716
-0.100674
-0.0795804
-0.0510298
-0.0132165
0.0136958
0.0142512
-0.0286288
-0.0526136
-0.0498816
-0.0163329
0.0169244
0.0382599
0.0634805
0.0866886
0.107237
0.13941
0.133331
0.0861736
-0.00283078
-0.0700546
-0.102005
-0.0787052
-0.0522746
-0.0124273
0.0144866
0.0140189
-0.0310043
-0.0488221
-0.0450389
-0.00724179
0.017085
0.0374091
0.0670228