-0.0547951
-0.11534
-0.472382
-0.645964
-0.527941
-0.349695
-0.338972
-0.0459564
0.17551
0.297669
0.466876
0.439861
0.0936103
-0.0758707
-0.319973
-0.370947
-0.187008
-0.106111
0.102
0.220404
0.282358
0.197588
0.275145
0.4495
0.267001
0.11014
-0.0629801
-0.189259
-0.106369
-0.109601
-0.123297
-0.11705
-0.155523
-0.305046
-0.387163
-0.418514
-0.402898
-0.416508
-0.279147
-0.0417217
0.247176
0.48293
0.420786
0.37473
0.279957
0.176101
0.0737632
-0.0462818
0.0427628
0.0244777
0.0771078
0.0344036
0.00443941
-0.217465
-0.353064
-0.420212
-0.470722
-0.486852
-0.323697
-0.0469754
0.248887
0.536203
0.452081
0.451578
0.352599
0.159601
0.0177803
0.0191691
-0.00748377
0.0419617
0.049642
0.0259913
-0.00739319
-0.204313
-0.325368
-0.389507
-0.390869
-0.417304
-0.287925
-0.068502
0.337532
0.530847
0.468403
0.383861
0.281803
0.116979
0.00271066
-0.0181889
-0.0755484
-0.0173206
0.0245042
0.0183277
-0.017695
-0.206396
-0.328316
-0.406355
-0.426756
-0.457236
-0.278001
-0.0591263
0.22215
0.443802
0.455556
0.433263
0.420928
0.251143
0.322613
0.128467
0.0550533
-0.0960738
-0.142471
-0.175014
-0.206538
-0.227374
-0.356372
-0.351258
-0.247252
-0.240513
-0.0298041
0.104061
0.201492
0.339961
0.405944
0.364522
0.229499
0.0331707
0.178385
0.0287142
0.0434126
-0.0264529
-0.00432924
-0.120827
-0.215443
-0.279097
-0.50204
-0.471869
-0.387574
-0.351783
-0.0608744
0.230576
0.384861
0.507919
0.494616
0.407067
0.254697
0.0592601
0.0896268
-0.030556
-0.0945446
-0.0547558
-0.146691
-0.106498
-0.169435
-0.203972
-0.409241
-0.473064
-0.36923
-0.358717
-0.0854878
0.214311
0.361032
0.491547
0.496694
0.41447
0.270312
0.0782405
0.0908829
-0.0590701
-0.0921413
-0.0257365
0.0374082
-0.0991532
-0.159782
-0.191432
-0.490115
-0.525935
-0.45551
-0.339338
-0.0209815
0.28884
0.340331
0.486402
0.466457
0.345739
0.179078
-0.0206089
0.0057308
-0.115792
-0.00518313
-0.0560195
0.0657829
-0.00519494
-0.121546
-0.160988
-0.4636
-0.47434
-0.426579
-0.312988
0.0221965
0.32353
0.355425
0.5119
0.50886
0.379112
0.194162
-0.0354049
-0.0218179
-0.125352
-0.0092687
-0.0647535
0.0402095
-0.0346178
-0.144627
-0.195118
-0.501266
-0.483299
-0.429848
-0.278308
0.0689334
0.290286
0.408327
0.454658
0.434907
0.35194
0.138878
-0.118512
-0.146819
-0.255124
-0.112426
0.0388901
0.0330431
-0.0648136
-0.146752
-0.213746
-0.480199
-0.451377
-0.400585
-0.254577
0.0809474
0.396856
0.4615
0.592517
0.573426
0.450374
0.242959
0.00442583
-0.0290704
-0.17536
-0.0743873
-0.117212
-0.0243607
-0.0876873
-0.160689
-0.217634
-0.527383
-0.542885
-0.59783
-0.261523
0.0922271
0.285624
0.394949
0.448423
0.443801
0.357694
0.117274
-0.0732975
-0.103088
-0.191207
-0.0274717
0.161969
0.132584
0.0211974
-0.0862876
-0.169395
-0.463711
-0.444408
-0.407916
-0.242922
0.0876059
0.393898
0.409636
0.527481
0.496491
0.358729
0.146915
-0.0942074
-0.141146
-0.271272
-0.131807
0.020179
0.0384079
-0.0508052
-0.138765
-0.209247
-0.509647
-0.531201
-0.575285
-0.258843
0.0894904
0.374288
0.573634
0.587317
0.508585
0.435761
0.182596
0.00715646
-0.132757
-0.256478
-0.152342
-0.0287206
-0.0177512
-0.0878013
-0.176656
-0.244228
-0.514098
-0.502115
-0.550447
-0.227266
0.137847
0.420256
0.606195
0.607105
0.513758
0.426677
0.179631
-0.0379962
-0.0820548
-0.211982
-0.0482805
0.127796
0.109252
-0.00879987
-0.125972
-0.189473
-0.499103
-0.523422
-0.55474
-0.228413
0.0997441
0.283526
0.423542
0.469127
0.439482
0.370305
0.130016
-0.074061
-0.132054
-0.233259
-0.0767854
0.0899433
0.0652731
-0.0467316
-0.149484
-0.224457
-0.513154
-0.527276
-0.582573
-0.265152
0.100867
0.388759
0.468564
0.585563
0.563146
0.448527
0.2059
0.0351657
-0.140424
-0.241967
-0.134558
-0.016096
-0.0203023
-0.109162
-0.210412
-0.297456
-0.570376
-0.566626
-0.615836
-0.288476
0.0796257
0.358073
0.548564
0.559423
0.468291
0.381171
0.159186
-0.056855
-0.119162
-0.247629
-0.0650225
0.127721
0.13571
0.036645
-0.0729204
-0.155197
-0.465737
-0.486212
-0.530213
-0.221962
0.109228
0.391924
0.587204
0.610237
0.536231
0.466013
0.206669
0.0200593
-0.138035
-0.261571
-0.143296
-0.023263
-0.0209776
-0.0899702
-0.175284
-0.222356
-0.492766
-0.510712
-0.569831
-0.232409
0.123697
0.316871
0.500796
0.47885
0.412024
0.332629
0.100059
0.0207388
-0.175586
-0.26543
-0.121537
0.0221145
-0.0132852
-0.0954092
-0.164848
-0.204171
-0.493009
-0.48802
-0.585865
-0.261276
0.105886
0.377573
0.495418
0.616641
0.607722
0.525114
0.309007
0.0571707
-0.0123385
-0.183276
-0.0687783
0.0480666
0.0510908
-0.0555894
-0.144317
-0.196122
-0.510014
-0.54702
-0.575531
-0.243684
0.0873642
0.281749
0.407044
0.468062
0.448035
0.364665
0.101462
-0.077487
-0.12714
-0.217181
-0.055342
0.138355
0.117298
0.00635813
-0.0946574
-0.177146
-0.464124
-0.446957
-0.416722
-0.250382
0.0941075
0.355424
0.445728
0.49856
0.473797
0.406383
0.142135
-0.0919618
-0.163685
-0.295931
-0.141314
-0.123249
0.043943
-0.00941475
-0.116476
-0.169612
-0.45026
-0.452206
-0.426557
-0.25114
0.0809119
0.374614
0.449199
0.588345
0.577172
0.461898
0.229819
0.0553796
-0.130363
-0.235757
-0.142034
-0.0351526
-0.014756
-0.0915145
-0.180133
-0.23214
-0.521307
-0.526518
-0.529997
-0.19232
0.133139
0.298069
0.461012
0.431954
0.331495
0.238478
0.0464125
-0.114364
-0.132038
-0.240556
-0.0429684
0.17671
0.149926
0.0519249
-0.0538043
-0.135946
-0.433377
-0.409317
-0.388593
-0.279621
0.0603879
0.364577
0.433924
0.585854
0.586025
0.465115
0.214535
-0.0364053
-0.086479
-0.230008
-0.105463
-0.117246
0.0220984
-0.0296721
-0.124828
-0.171489
-0.46092
-0.473649
-0.452296
-0.263371
0.0677404
0.363666
0.384765
0.50461
0.488309
0.356769
0.133361
-0.100058
-0.120724
-0.224285
-0.0704195
0.0912053
0.089424
-0.0114742
-0.118364
-0.179007
-0.500089
-0.53526
-0.535411
-0.202304
0.114348
0.308723
0.430078
0.480905
0.44453
0.362221
0.113482
-0.0907241
-0.136489
-0.228566
-0.068007
0.101973
0.0903088
-0.00948508
-0.126356
-0.18963
-0.483157
-0.506961
-0.562363
-0.237081
0.116575
0.408526
0.424029
0.547817
0.532677
0.408022
0.170508
0.0379395
-0.122887
-0.219119
-0.109406
0.0177852
-0.00145759
-0.0832553
-0.176979
-0.25038
-0.541997
-0.540515
-0.582754
-0.262348
0.0774711
0.328511
0.508256
0.504699
0.456628
0.396632
0.156685
-0.0404093
-0.120526
-0.261778
-0.0655933
0.130449
0.127269
0.0279714
-0.0632424
-0.142967
-0.428456
-0.433986
-0.401963
-0.263072
0.0595712
0.361063
0.431338
0.601223
0.582573
0.449321
0.215129
0.0259602
-0.162188
-0.28815
-0.189896
-0.098505
-0.0747129
-0.142991
-0.219248
-0.275206
-0.524697
-0.527457
-0.559233
-0.207596
0.153231
0.343132
0.502673
0.493681
0.442245
0.344491
0.08659
-0.0109706
-0.199719
-0.279805
-0.142536
0.030809
0.00708782
-0.089292
-0.161151
-0.211691
-0.476012
-0.465635
-0.562354
-0.238662
0.134278
0.405255
0.447613
0.565153
0.564151
0.46728
0.2594
0.0302751
-0.0132141
-0.174124
-0.0496771
0.086627
0.0696165
-0.0220128
-0.108711
-0.183124
-0.489714
-0.525756
-0.566928
-0.251658
0.0714446
0.293728
0.515643
0.53642
0.478244
0.42023
0.148674
0.0427626
-0.179875
-0.255111
-0.114125
0.00458804
-0.0144226
-0.0981532
-0.167132
-0.209374
-0.502127
-0.510673
-0.617437
-0.313812
0.0449106
0.384551
0.560746
0.586214
0.552146
0.502937
0.281261
0.0370539
-0.0224491
-0.175579
-0.0521059
0.0827562
0.0861927
-0.0194034
-0.130034
-0.18604
-0.515856
-0.556875
-0.541371
-0.217077
0.0981324
0.273371
0.480484
0.500323
0.428483
0.347297
0.111544
0.00334814
-0.188383
-0.256939
-0.141887
0.000226223
-0.0165124
-0.100033
-0.171303
-0.229167
-0.491562
-0.491194
-0.584108
-0.264208
0.117934
0.360532
0.46904
0.530764
0.535754
0.46618
0.216623
0.000403133
-0.0650662
-0.210902
-0.0462741
0.116035
0.109344
0.0139539
-0.0914743
-0.170318
-0.464916
-0.461803
-0.427905
-0.238801
0.0603458
0.309053
0.412452
0.478662
0.475232
0.417572
0.140599
-0.077347
-0.141717
-0.272182
-0.139336
0.015769
0.0348843
-0.059214
-0.153944
-0.221053
-0.505872
-0.529579
-0.558951
-0.237032
0.109918
0.395891
0.419461
0.54289
0.533573
0.414014
0.175046
-0.0243088
-0.0514774
-0.168015
-0.0140585
0.147122
0.117951
-0.00112555
-0.117706
-0.192262
-0.503202
-0.54078
-0.565925
-0.245833
0.0744117
0.267108
0.394099
0.437673
0.408984
0.34494
0.0890671
-0.118015
-0.1743
-0.267552
-0.0970351
0.0928309
0.0940159
-0.0107675
-0.11041
-0.184764
-0.48562
-0.504078
-0.558582
-0.244244
0.109158
0.398015
0.435613
0.546749
0.52498
0.408606
0.195911
-0.0353555
-0.0883589
-0.21445
-0.0565717
0.0892076
0.0698729
-0.0306428
-0.128004
-0.207083
-0.526199
-0.557942
-0.590836
-0.27041
0.0686275
0.353326
0.455798
0.576147
0.53655
0.422909
0.171709
-0.0102489
-0.179337
-0.26772
-0.132195
0.00665031
0.00598706
-0.0843507
-0.173632
-0.249571
-0.523994
-0.523087
-0.597931
-0.268418
0.107709
0.385978
0.619594
0.648008
0.569842
0.478761
0.270314
0.0387092
-0.0357444
-0.184383
-0.0230065
0.129727
0.128148
0.0138266
-0.105285
-0.172392
-0.512161
-0.549245
-0.537792
-0.220985
0.0875632
0.26535
0.411687
0.469124
0.42751
0.34614
0.10368
-0.0258486
-0.192591
-0.278903
-0.164091
-0.0188142
-0.0265706
-0.116339
-0.208679
-0.271805
-0.528675
-0.529715
-0.584694
-0.242475
0.152169
0.44986
0.457142
0.555132
0.540334
0.407999
0.193694
-0.017421
-0.0499569
-0.179965
-0.00965102
0.171485
0.148609
0.0360937
-0.0902225
-0.171203
-0.490181
-0.529809
-0.544953
-0.225475
0.0799011
0.266886
0.408824
0.469211
0.432827
0.363339
0.117471
-0.0826163
-0.138735
-0.234343
-0.0741826
0.0993075
0.0877947
-0.01351
-0.125891
-0.185122
-0.474852
-0.502031
-0.550647
-0.224814
0.131462
0.340223
0.478895
0.527241
0.52244
0.452643
0.163947
0.0221349
-0.152988
-0.260165
-0.141259
-0.0164623
-0.0317264
-0.120529
-0.217254
-0.291825
-0.559679
-0.56024
-0.621632
-0.284577
0.0877943
0.371562
0.478027
0.584871
0.56704
0.459575
0.250457
0.0138013
-0.04495
-0.178553
-0.0278468
0.124441
0.123555
0.00623874
-0.113899
-0.190523
-0.518255
-0.55489
-0.551776
-0.228812
0.0881258
0.277174