0.664158
1.10069
2.11769
1.14206
-0.924023
-2.14531
-1.56408
-1.2842
-1.4578
-0.797161
0.490284
1.20655
1.42896
1.30613
1.92349
2.15102
0.971928
0.856767
0.663064
0.785569
0.328617
0.491173
0.274617
-0.0390682
-1.34898
-1.68031
-2.5858
-2.14692
-1.69113
-0.566385
0.0176484
0.375744
0.578594
0.73325
0.939489
1.39044
1.41577
0.753862
0.351658
0.361573
0.386533
-0.359862
-0.292957
-0.671577
-1.54457
-1.65262
-1.76145
-1.7316
-1.17843
-0.153082
0.133217
0.549058
0.333127
0.684706
1.08872
1.82201
1.62242
0.978223
0.557578
0.550087
0.592561
-0.131649
-0.305609
-0.38284
-1.29398
-1.62145
-1.53717
-1.6849
-0.976068
-0.280965
0.167827
0.621398
0.3284
0.646844
1.3438
1.83211
1.61702
0.892043
0.353707
0.574939
0.316084
-0.640474
-0.823001
-1.06934
-1.37911
-1.61954
-1.48086
-1.27572
-0.748631
-0.130973
0.158388
0.608943
0.381615
0.693752
1.32073
1.87503
1.66792
0.927723
0.488571
0.533397
0.674602
0.591103
0.207993
-0.0643714
-1.94559
-1.62149
-1.64932
-0.937864
-0.362432
0.131123
0.382444
0.484332
0.411297
1.24365
2.7872
3.44215
3.01936
1.72227
0.908277
0.368217
-0.0557835
-0.376383
-1.11168
-1.44309
-2.79329
-3.11866
-3.03798
-2.278
-1.02695
-0.0583476
0.668053
0.979842
1.01194
1.49741
2.68527
3.39119
2.97338
1.9627
0.958767
0.329614
-0.496859
-0.841155
-1.02739
-1.22184
-2.74513
-3.18968
-3.62462
-2.87611
-1.19378
0.0119812
0.37008
0.940982
1.07861
1.16007
2.60034
3.26168
3.03703
2.21859
1.17151
0.655941
-0.29134
-0.776901
-0.927295
-1.27086
-2.80543
-3.31808
-3.82394
-2.85338
-1.20089
-0.0479238
0.773503
1.20541
1.21501
1.70974
2.78432
3.51683
3.12398
1.94843
0.87222
-0.18556
-0.4551
-0.568272
-0.919171
-1.34737
-2.90898
-3.4395
-3.50639
-2.26764
-1.21035
-0.0324202
0.549881
1.18307
1.37734
1.96968
2.78372
3.38099
3.01761
1.69558
0.706579
-0.148887
-0.385663
-0.430514
-0.829284
-1.33779
-2.8875
-3.2302
-3.2678
-2.10702
-1.04084
-0.119711
0.440459
1.14416
1.42615
2.08121
2.95636
3.42404
3.03842
1.38166
0.401756
-0.534893
-0.90166
-0.320349
-0.876058
-1.74
-3.35272
-3.45931
-3.51564
-1.97323
-0.768387
0.360122
0.759392
1.2149
1.59096
1.98173
2.95083
3.45568
2.84332
1.17592
0.109426
-0.54235
-0.404661
-0.333862
-0.658295
-1.27919
-2.91683
-3.45144
-3.53946
-2.18991
-0.879758
0.0756086
0.71731
1.28126
1.59505
2.5733
3.02575
3.14301
2.26823
0.939716
0.377148
-0.281131
-0.557385
-0.289719
-1.00359
-1.73244
-3.35578
-3.25183
-3.33879
-1.87249
-0.806216
0.355061
0.868668
1.36786
1.61863
1.96232
2.96968
3.3967
2.87
1.04376
0.0216776
-0.583973
-0.483577
-0.43631
-0.820902
-1.38265
-3.09093
-3.48498
-3.70169
-2.17655
-0.834838
0.328895
1.02396
1.55326
1.87499
2.43213
3.15921
3.05124
2.13928
0.635824
0.106088
-0.0866943
-1.17933
-0.635353
-0.719857
-1.46341
-2.91754
-3.65948
-3.63637
-1.57323
-0.446025
0.58362
1.08905
1.53079
1.96105
2.5464
3.33365
3.24672
2.15481
0.58538
0.0326175
-0.233828
-1.198
-0.722592
-0.742896
-1.38558
-3.05155
-3.37972
-3.51221
-1.89549
-0.585732
0.508801
1.13309
1.56281
1.77541
2.50769
3.00444
3.05066
2.16287
0.720394
-0.149698
-0.318917
-0.500185
-0.373372
-0.939295
-1.73671
-3.38807
-3.29039
-3.5024
-1.90171
-0.773625
0.365507
0.927058
1.44043
1.77423
2.26324
3.23124
3.30593
2.25994
0.514284
-0.158935
-0.458532
-0.251897
-0.345857
-0.665094
-1.36631
-3.0416
-3.7618
-3.68932
-1.90538
-0.697016
0.387891
0.996235
1.48011
2.02155
2.7035
3.55408
3.43509
2.22585
0.528008
-0.0849695
-0.251562
-1.08844
-0.732498
-0.723346
-1.33368
-2.97941
-3.41021
-3.59645
-1.93531
-0.601939
0.546438
1.17413
1.57433
1.80696
2.36495
3.03813
2.97293
2.12142
0.619636
0.075282
-0.172346
-1.16468
-0.668699
-0.798209
-1.49012
-2.99716
-3.61822
-3.56872
-1.49813
-0.377238
0.589995
1.088
1.58742
1.99289
2.71556
3.13054
3.19395
2.10378
0.673212
-0.139609
-0.311462
-0.16227
-0.564053
-1.31612
-1.86411
-3.73065
-3.92144
-3.45563
-1.78293
-0.549644
0.346568
0.987601
1.38141
1.78819
2.46158
3.21479
3.25531
2.16759
0.645803
-0.0514429
-0.297381
-0.146746
-0.385923
-0.729516
-1.34002
-2.94361
-3.46528
-3.65781
-2.09962
-0.818352
0.363836
1.01568
1.57436
1.9168
2.65652
3.11739
3.0763
2.14061
0.75457
0.209726
-0.203491
-0.384825
-0.123241
-0.946156
-1.76035
-3.42922
-3.28289
-3.38909
-1.9215
-0.8125
0.394323
0.929906
1.49057
1.69906
2.08332
3.01996
3.39612
2.82568
0.947742
-0.228514
-0.611198
-0.728026
-0.3006
-0.691391
-1.5006
-3.35724
-3.51512
-3.63571
-2.07023
-0.736558
-0.0161836
0.758766
1.28728
1.86094
2.68386
2.9579
3.34626
2.59354
1.04706
0.147901
-0.220351
-0.0749177
-0.105175
-0.54615
-1.29722
-2.97545
-3.69824
-3.70031
-1.91397
-0.718661
0.353909
0.807491
1.51628
1.87727
2.64457
3.20173
3.21252
2.13849
0.784222
0.0785818
-0.272886
-0.102734
-0.645417
-1.37913
-1.92827
-3.76258
-3.69266
-3.4745
-1.6444
-0.583493
0.418651
0.863275
1.28951
1.45066
1.88545
2.7234
3.16634
2.67572
1.03029
0.0905951
-0.406234
-0.278942
-0.177593
-0.571429
-1.25868
-2.97859
-3.43393
-3.61488
-2.27465
-0.999538
-0.0628415
0.648515
1.28386
1.81128
2.55623
2.96112
3.32068
2.70343
1.09941
0.209192
-0.19782
-0.131903
-0.204479
-0.741968
-1.39542
-3.01976
-3.36695
-3.57101
-2.14575
-0.998153
0.218817
0.893582
1.4854
1.85774
2.44072
3.08539
3.1377
2.16627
0.726976
-0.0541174
-0.252864
-0.406822
-0.368869
-0.921885
-1.69667
-3.35562
-3.35715
-3.48155
-1.91342
-0.818759
0.332993
0.88583
1.41364
1.74485
2.35958
3.04362
3.1451
2.16248
0.641412
0.0246793
-0.300053
-0.238894
-0.444622
-0.836065
-1.45308
-3.00153
-3.61683
-3.48245
-1.77856
-0.639619
0.34539
0.953577
1.41933
1.90411
2.51502
3.42548
3.38372
2.21501
0.58214
-0.239854
-0.378103
-0.0838498
-0.515916
-1.18793
-1.8161
-3.82554
-3.76168
-3.75619
-1.91469
-0.539674
0.461436
1.11982
1.55484
1.69441
2.28123
2.91123
3.25447
2.50328
0.842278
-0.0457556
-0.35058
-0.1304
-0.14321
-0.487491
-1.30479
-2.92604
-3.63551
-3.79575
-1.87783
-0.638566
0.393691
0.92689
1.58841
2.01125
2.8566
3.26701
3.18104
2.03317
0.638316
0.14368
-0.269553
-0.322638
-0.401785
-1.24993
-1.9547
-3.69643
-3.89293
-3.42224
-1.73123
-0.49797
0.354359
0.874446
1.28382
1.68922
2.33225
3.08752
3.24287
2.21086
0.71704
0.0358699
-0.331593
-0.23417
-0.545096
-0.924552
-1.41962
-2.97842
-3.39016
-3.49472
-1.93043
-0.724743
0.413732
1.01186
1.44594
1.81836
2.31374
3.10796
3.09583
2.16958
0.737913
-0.0374018
-0.172891
0.0995642
-0.356316
-1.1527
-1.94368
-3.83825
-3.93712
-3.55424
-1.87401
-0.655651
0.348567
0.976212
1.46156
1.94105
2.54089
3.34497
3.41484
2.34082
0.818194
-0.232701
-0.294366
-1.3851
-0.898418
-0.441157
-1.08451
-2.57402
-3.03515
-3.33034
-1.96664
-0.645455
0.382477
1.1227
1.76265
1.99293
2.84644
3.14144
2.9705
2.08944
0.783563
0.141842
0.048296
0.289432
-0.263086
-1.3859
-2.10683
-3.765
-3.8835
-3.44455
-1.6724
-0.492364
0.337194
0.751431
1.19054
1.64166
2.27884
3.1882
3.40362
2.36133
0.749588
-0.245564
-0.559342
-0.724199
-0.525711
-0.800577
-1.46963
-3.22189
-3.29009
-3.45814
-1.87796
-0.613702
0.402182
1.06284
1.60141
1.80802
2.30314
3.01374
3.33201
2.54641
0.878007
-0.0774019
-0.252172
-0.4112
-0.183931
-0.69437
-1.56195
-3.26745
-3.4259
-3.56621
-2.10801
-0.856489
0.363222
0.936658
1.5093
1.86034
2.42503
3.1774
3.13876
2.16143
0.631397
0.0624062
-0.254085
-0.240706
-0.396469
-0.855289
-1.48841
-3.1363
-3.35806
-3.39399
-1.94383
-0.811106
0.369907
0.944602
1.45167
1.80557
2.43667
3.04376
3.13465
2.13803
0.670061
-0.161767
-0.316255
-0.517633
-0.351685
-0.902993
-1.60916
-3.39654
-3.35793
-3.58805
-1.93987
-0.76591
0.339679
0.934361
1.50022
1.74458
2.25949
3.11835
3.17056
2.20826
0.563861
-0.0654178
-0.339387
-0.227001
-0.476085
-0.87146
-1.51462
-3.11186
-3.38799
-3.71863
-2.06929
-0.816024
0.328347
1.09614
1.56293
1.99077
2.49771
3.40028
3.22701
2.18838
0.460998
-0.133397
-0.305702
-0.143977
-0.239083
-0.67812
-1.41218
-3.20796
-3.97504
-3.80756
-2.04925
-0.736326
0.376695
1.1352
1.64314
2.09412
2.7285
3.50121
3.40798
2.19878
0.493358
-0.150051
-0.275987
-1.01452
-0.567518
-0.518204
-1.25948
-2.88349
-3.31021
-3.53235
-2.02608
-0.698259
0.431986
1.17718
1.66418
1.88197
2.68494
3.07027
3.01979
2.13606
0.719449
-0.0502239
-0.187388
-0.348051
-0.277908
-0.946248
-1.74396
-3.37209
-3.52814
-3.503
-1.63865
-0.482074
0.335551
0.736935
1.32505
1.74829
2.49977
3.20771
3.35797
2.18161
0.574438
-0.0547187
-0.369466
-0.322521
-0.453387
-0.815182
-1.34625
-3.04995
-3.32882
-3.39519
-1.89933
-0.718332
0.337663
0.975326
1.44564
1.70032
2.39296
2.8953
2.99892
2.11002
0.752044
0.0888263
-0.112192
-0.35794
-0.345488
-0.957974
-1.7219
-3.37237
-3.37032
-3.45717
-1.93848
-0.859397
0.322765
0.847356
1.38686
1.73494
2.36035
3.01761
3.14268
2.15103
0.608775
-0.360565
-0.522133
-0.637721
-0.388851
-0.789025
-1.54973
-3.21914
-3.55925
-3.55356
-1.73855
-0.577275
0.40115
1.01747
1.44058
1.96366
2.67085
3.50554
3.41739
2.19002
0.522699
-0.115891
-0.268244
-0.0757421
-0.221113
-0.627061
-1.30381
-3.04852
-3.46115
-3.63367
-2.09941
-0.854763
0.341723
0.944531
1.56164
1.82292
2.58224
3.09819
3.10816
2.13768
0.675034
-0.102297
-0.244817