-0.0057191
-0.000764278
0.0558322
0.0653115
0.082036
-0.0253746
-0.140251
-0.152549
-0.000908834
0.0806067
0.124252
0.143772
0.0691504
0.00591153
-0.0331705
-0.00880032
0.00449197
0.0166551
0.0413085
-0.0148523
-0.0549208
-0.0285708
-0.0160796
-0.0181281
-0.00793113
-0.0122405
0.0084926
-0.0131702
-0.043117
-0.0340995
-0.00959399
0.0163701
0.0211178
0.0324742
0.0170466
0.0233876
0.0170886
-0.01545
-0.0366691
-0.0269793
-0.0664566
-0.0663157
-0.0628899
-0.00733091
0.00285233
-0.0290379
-0.0465477
-0.0350509
-0.0262846
-0.0152555
0.0135482
0.0308544
0.038541
0.0391811
0.0153176
0.0216888
0.0351796
0.0103749
-0.00643464
-0.00530422
-0.0392041
-0.059056
-0.0355155
-0.00256257
0.0113669
-0.0314183
-0.050546
-0.0328589
-0.018989
-0.00450406
0.0211551
0.0244565
0.0515211
0.0543562
0.0373966
0.0331611
0.0379786
0.0198531
0.0146952
-0.0154252
-0.0228595
-0.0469227
-0.0447316
-0.0100292
0.00471973
-0.0309779
-0.0619785
-0.0444694
-0.0404966
-0.0292421
0.000908724
0.00559599
0.0370587
0.0480408
0.0309985
0.0328727
0.042332
0.0226827
-0.000145959
-0.00377715
-0.0812972
-0.0741749
0.0241029
0.0448125
0.058893
0.00908313
-0.00229563
0.0177887
0.0175723
-0.00928209
-0.0177115
-0.00794076
-0.0352293
0.0123429
-0.01753
-0.0313462
-0.0203947
-0.000345685
-0.0301942
0.00196613
-0.00844348
-0.00182367
0.00778185
0.0131776
0.0842941
0.0724017
0.0688529
0.0871354
0.0833287
0.00208687
-0.0214276
-0.0325365
-0.0476337
-0.0170437
-0.0660729
-0.0938589
-0.0704509
-0.0431657
-0.0477127
-0.04341
-0.0115829
-0.0114662
0.0317146
0.0363668
0.0765546
0.0689923
0.0878714
0.0690554
0.0739823
0.0194289
-0.0357014
-0.0316543
-0.0369193
-0.0337066
-0.0943958
-0.10823
-0.0977314
-0.0596014
-0.0466432
-0.0485143
-0.0143503
-0.0120308
0.0220355
0.024134
0.0733156
0.0612734
0.0871401
0.0566907
0.0641016
0.0190035
-0.0118625
-0.0305609
-0.0364982
-0.0392775
-0.0923413
-0.113299
-0.0907481
-0.0550905
-0.0399008
-0.0574787
0.00317866
-0.00354081
0.0229322
0.0168378
0.0707418
0.054133
0.0698276
0.0535137
0.045463
-0.00404832
-0.0205508
-0.0225529
-0.0314936
-0.0261278
-0.0725014
-0.106676
-0.082819
-0.0533187
-0.0432926
-0.0613166
0.0072158
-0.0067487
0.019333
0.0169487
0.0700272
0.0558929
0.0692689
0.0550616
0.0445388
-0.00521666
-0.027225
-0.0338415
-0.038671
-0.0300176
-0.0689747
-0.103678
-0.0708672
-0.0464566
-0.0347231
-0.00328966
0.00750077
0.0277605
0.03433
0.035135
0.0800764
0.0555782
0.0586319
0.0302338
0.0204855
0.00535363
-0.037472
-0.0516669
-0.0501401
-0.032682
-0.0714698
-0.0891422
-0.0578915
-0.0386098
-0.0131932
-0.0368902
0.0112559
-0.00683847
0.0216087
0.0090061
0.0604175
0.0373269
0.0599432
0.0421923
0.0296224
-0.0224782
-0.0240941
-0.0186758
-0.0312166
-0.0287622
-0.0775274
-0.0935305
-0.0503241
-0.0448551
-0.0457771
-0.0151628
-0.0138708
0.012857
0.016504
0.0356144
0.0736354
0.0630129
0.0713765
0.0482176
0.0371788
0.0283636
-0.0229765
-0.0454402
-0.0455141
-0.0303407
-0.0640777
-0.089759
-0.0541123
-0.0482018
-0.0250997
-0.0478255
0.0146996
0.00568707
0.0294631
0.0193517
0.0770336
0.0455626
0.0523036
0.0188774
0.00945114
0.000928436
-0.0336556
-0.0470374
-0.0423954
-0.0282025
-0.0632291
-0.0643518
-0.0273603
-0.0225842
-0.0240887
-0.0515289
-0.0253629
-0.0099621
0.0177127
-0.0107036
0.0452328
0.0827483
0.0627306
0.0297167
0.00349499
-0.00755818
-0.0327009
-0.0551372
-0.0495783
-0.0322188
-0.0652472
-0.0799477
-0.0344517
-0.0286528
-0.0229522
-0.0502996
-0.0215508
-0.00926799
0.0245949
-0.000929582
0.0693624
0.0370415
0.0549896
0.03615
0.0323813
0.0270175
-0.0152622
-0.0170762
-0.0238189
-0.0172649
-0.0626649
-0.0743245
-0.0397656
-0.0422898
-0.0676916
-0.0208773
-0.0249925
-0.000491491
0.00495641
0.0387441
0.0744746
0.0567882
0.0692608
0.0358922
0.0262635
0.0189799
-0.0249048
-0.0426599
-0.0393498
-0.02931
-0.0591488
-0.0646987
-0.0193692
-0.0172798
-0.0188831
-0.0436483
0.00534361
-0.00077992
0.034658
0.0290263
0.0661174
0.0820977
0.0537204
0.0294974
0.00351837
-0.0094768
-0.0335371
-0.0565877
-0.0564333
-0.0396683
-0.0644986
-0.0689051
-0.0212972
-0.010801
-0.00789178
-0.0370438
-0.00997878
0.00864732
0.0408057
0.0152036
0.0789805
0.0402801
0.0545116
0.0329547
0.0269383
0.0203992
-0.0194258
-0.0382572
-0.0372146
-0.0248855
-0.0651787
-0.0732885
-0.0435697
-0.0409905
-0.039985
-0.0651723
-0.0430336
-0.0287044
0.00715937
-0.00995272
0.040504
0.0753836
0.0575648
0.024534
0.000829319
-0.00313465
-0.0228341
-0.0175087
-0.0298388
-0.0174319
-0.0514242
-0.067139
-0.0351209
-0.0316749
-0.058962
-0.00948159
-0.00328544
0.0325643
0.0399864
0.0418989
0.0711041
0.0808778
0.0556149
0.0306504
0.00816153
0.00443467
-0.0178908
-0.0329929
-0.0270039
-0.00914522
-0.0527057
-0.0554639
-0.0135827
-0.0166752
-0.016524
-0.0429525
-0.00163972
-0.0052957
0.0281544
0.0132872
0.0617635
0.0362574
0.052421
0.0306484
0.0197073
0.0208898
-0.0214198
-0.0256557
-0.0336541
-0.0257272
-0.0680152
-0.0790077
-0.0441486
-0.0426369
-0.0451665
-0.0220647
-0.0291094
-0.00450805
-0.00212371
0.0301381
0.0632549
0.0533266
0.0652771
0.0418149
0.0307684
0.0242248
-0.0231106
-0.0461377
-0.0463642
-0.0321042
-0.0603499
-0.086414
-0.0501276
-0.0450443
-0.0567046
-0.0196949
-0.0103377
0.0234572
0.0320859
0.0442977
0.0788822
0.0480544
0.0459941
0.0103959
0.00600359
-0.0342789
-0.0317616
-0.0162963
-0.0241257
-0.0160072
-0.0556129
-0.0820269
-0.0489951
-0.0386646
-0.0170006
-0.0436554
0.008161
-0.00591238
0.0248012
0.0187388
0.05606
0.0814108
0.0562688
0.0333117
0.00844845
-0.0024471
-0.0318306
-0.034981
-0.0471627
-0.0296086
-0.0704279
-0.0808566
-0.0358878
-0.0338795
-0.0609155
-0.012411
-0.0128693
0.0165128
0.0247585
0.025102
0.0681274
0.0533273
0.0452791
0.0232796
0.018028
0.0204936
-0.0091916
-0.0262781
-0.0245287
-0.00422745
-0.0455431
-0.0800299
-0.0412395
-0.041275
-0.0239069
-0.0508702
0.00241625
-0.0155604
0.013349
0.00844669
0.0622818
0.0379735
0.0528794
0.0230487
0.0139248
-0.0249323
-0.0229771
-0.0098158
-0.0185317
-0.0167482
-0.0570698
-0.0827331
-0.047168
-0.0381376
-0.0217432
-0.0472869
0.016805
0.0102363
0.0351184
0.024544
0.0792977
0.0584778
0.0717227
0.0369216
0.0279123
0.0209006
-0.0316315
-0.0361664
-0.0378109
-0.0273548
-0.073115
-0.0764767
-0.0288565
-0.0319834
-0.0596339
-0.0228204
-0.0289374
-0.00276584
0.00308097
0.0274037
0.0623116
0.0461049
0.0568555
0.0287538
0.0210363
0.0162313
-0.0287501
-0.0293746
-0.0365149
-0.0299461
-0.0601601
-0.0661799
-0.0304257
-0.0312618
-0.0333809
-0.0605152
0.00897
-0.00302772
0.0248255
0.0138701
0.060034
0.0810955
0.0565637
0.031283
0.00594872
-0.00594022
-0.0354928
-0.0552693
-0.0520258
-0.0333403
-0.0663215
-0.0735771
-0.0214204
-0.0138292
-0.0393424
-0.014587
-0.0137146
0.0191624
0.0330164
0.0388416
0.0727507
0.0438937
0.0380707
0.0106106
0.0101285
0.00923745
-0.0192728
-0.0306864
-0.0295216
-0.0160161
-0.047794
-0.0689572
-0.0385305
-0.0424642
-0.0235741
-0.0530828
-0.00289288
-0.0263254
0.00631403
0.00523164
0.046229
0.0676624
0.044235
0.0141091
-0.0104389
-0.0154435
-0.0332499
-0.0310681
-0.0408961
-0.0227462
-0.0623452
-0.0687303
-0.0350319
-0.028698
-0.0250079
-0.00444195
-0.00395655
0.0237856
0.0337366
0.0316928
0.0615764
0.0759575
0.0548941
0.0331936
0.014689
0.0089723
-0.0160301
-0.0383257
-0.0370349
-0.0153227
-0.0604235
-0.0643141
-0.0261305
-0.0303812
-0.0329191
-0.0586536
0.00151464
-0.00136177
0.0229575
0.00354079
0.0631337
0.0411553
0.054954
0.0360096
0.0262065
0.0270653
-0.0146051
-0.0349281
-0.0358742
-0.0227269
-0.0693215
-0.0762097
-0.038139
-0.0376459
-0.0645925
-0.0289852
-0.0372057
-0.0117528
0.00856665
0.0162933
0.0424675
0.0669791
0.049063
0.0261098
0.0053184
0.00290273
-0.0131739
-0.0288106
-0.0299494
-0.0145501
-0.0380662
-0.0537299
-0.015208
-0.0190525
-0.0481087
-0.0689061
-0.0200117
0.0034079
0.0342528
0.00328951
0.0608009
0.0302003
0.0502016
0.0331483
0.0182286
0.015541
-0.0278911
-0.0331801
-0.0339879
-0.0210222
-0.0662415
-0.0717389
-0.0410231
-0.0411207
-0.0656385
-0.0213362
-0.0408303
-0.0156459
0.0199442
0.0207308
0.0500839
0.077765
0.0569899
0.0306234
0.0167346
0.0132239
-0.00831274
-0.0257855
-0.0358558
-0.0191897
-0.0552448
-0.0679568
-0.0249087
-0.0279604
-0.0615616
-0.0244242
-0.0182452
0.0216209
0.035978
0.045588
0.0825422
0.0580742
0.0556714
0.0273553
0.0186075
0.01402
-0.0254271
-0.0418061
-0.0396252
-0.0204652
-0.0532764
-0.0741788
-0.0385195
-0.0364819
-0.0456973
-0.0226098
-0.0176597
0.00921367
0.007447
0.0299427
0.0640278
0.0450326
0.0595628
0.028224
0.0193677
0.0147231
-0.0240806
-0.041766
-0.0406888
-0.0295036
-0.065563
-0.0702269
-0.0331904
-0.0298383
-0.0311461
-0.0578314
0.00768324
-0.0117623
0.0117223
0.00678072
0.0679803
0.049055
0.0697504
0.0461087
0.0391061
0.0375357
-0.0122447
-0.0168997
-0.0265972
-0.0217496
-0.0623884
-0.0706816
-0.0325297
-0.0362317
-0.0637843
-0.0215605
-0.0184574
0.0129313
0.0130356
0.0370366
0.0736952
0.0551836
0.0603791
0.0225943
0.0172361
0.00861015
-0.0300406
-0.0461032
-0.0419726
-0.0279723
-0.059483
-0.0601889
-0.0222421
-0.0211334
-0.0232185
-0.0502551
0.00894359
0.00303332
0.0311954
0.0168345
0.0777373
0.0464659
0.0658341
0.0290895
0.0213004
0.0168959
-0.0296906
-0.0469734
-0.0400594
-0.0346219
-0.0669917
-0.0696232
-0.0227713
-0.0196137
-0.0203109
-0.0454374
-0.00532797
-0.0145309
0.0221576
0.0191611
0.0574095
0.0706934
0.0483808
0.0265902
0.00229189
-0.0126175
-0.0366778
-0.0593869
-0.0571333
-0.040208
-0.0593536
-0.0648343
-0.0228713
-0.0156517
-0.00993729
-0.0350297
-0.0142753
0.00654214
0.0437373
0.0234078
0.0747206
0.0391974
0.0580848
0.0355245
0.0253553
0.0225993
-0.0254527
-0.0308932
-0.0388624
-0.0318151
-0.0704017
-0.0780159
-0.0463064
-0.04704
-0.0711369
-0.0256927
-0.0325339
-0.00879501
0.00520921
0.0382105
0.0564536
0.0748523
0.0505123
0.0181526
0.000863705
-0.00891582
-0.0295859
-0.0293052
-0.045516
-0.0317515
-0.0529379
-0.0602485
-0.0214647
-0.0172765
-0.0171564
-0.0470716
0.0214274
0.0204482
0.0484564
0.0325715
0.0915739
0.0598188
0.0689876
0.0395599
0.0334436
0.0265079
-0.0233578
-0.0288107
-0.0355179
-0.02198
-0.070101
-0.0734313
-0.0386172
-0.0439574
-0.0705888
-0.028494
-0.0334861
-0.00836758
-0.000400686
0.0287251
0.0628858
0.0461876
0.0594439
0.0327716
0.0247273
0.0222129
-0.0210293
-0.0220234
-0.0300299
-0.0275519
-0.058573
-0.0649293
-0.0302015
-0.030009
-0.0601339
-0.0184874
-0.0194934
0.0126412
0.0146369
0.0360336
0.0525631
0.067942
0.0437302
0.019656
-0.0059422
-0.0126039
-0.0313747
-0.0522483
-0.0503732
-0.0331245
-0.0569366
-0.0599549
-0.0163276
-0.00974986
-0.00660635
-0.0346942
0.0077434
0.00592086
0.0403685
0.0363576
0.0832616
0.0534756
0.0685882
0.042031
0.0338691
0.0273194
-0.0240992
-0.0316574
-0.0409034
-0.032816
-0.0735378
-0.0803387
-0.042093
-0.0417367
-0.068645
-0.0287868