6.05795e-05
0.0002135
0.000547695
0.000977804
0.00127543
0.00145309
0.00166085
0.00196924
0.00236718
0.00292411
0.00364936
0.00449243
0.00537602
0.0062787
0.00723461
0.00827028
0.00938567
0.0105589
0.0117619
0.0129924
0.0142524
0.0155077
0.0167062
0.0177983
0.0187746
0.0197002
0.0205216
0.0212908
0.0220411
0.0227831
0.023558
0.0244087
0.0253574
0.0263773
0.0274432
0.028559
0.0297164
0.0308519
0.0319434
0.0330241
0.0340342
0.0349802
0.035883
0.0367463
0.0375508
0.0382968
0.03898
0.039625
0.0402572
0.0408845
0.0415283
0.0422328
0.0430141
0.0438715
0.044805
0.0457922
0.0468531
0.047914
0.0489307
0.0499186
0.0508634
0.0517455
0.0526122
0.0534333
0.0541774
0.0549091
0.0555831
0.0562245
0.0568552
0.0574959
0.0581841
0.05896
0.0598118
0.060729
0.0617126
0.0627573
0.0638587
0.0649563
0.0660162
0.0670338
0.0679183
0.0687256
0.0695332
0.0703155
0.0710419
0.0717466
0.0723841
0.0730031
0.0736171
0.0742297
0.0748683
0.0755769
0.0763688
0.077246
0.0781946
0.079197
0.0802728
0.0813514
0.08239
0.0834159
0.0843798
0.0853475
0.0863644
0.0873828
0.0884172
0.0895575
0.0908704
0.0922946
0.0938564
0.095588
0.0975099
0.0996016
0.101837
0.104231
0.106809
0.109567
0.112513
0.11563
0.118875
0.122212
0.125612
0.129008
0.132398
0.135811
0.139264
0.142835
0.146555
0.150341
0.154181
0.158104
0.162144
0.166301
0.17056
0.174941
0.17948
0.184201
0.189054
0.194009
0.199029
0.204084
0.20922
0.214374
0.219512
0.224675
0.229868
0.235184
0.240638
0.246116
0.251625
0.257218
0.26292
0.268729
0.274622
0.280605
0.286711
0.292972
0.299346
0.305801
0.312312
0.318855
0.325469
0.332053
0.338565
0.345062
0.351544
0.358103
0.364765
0.371413
0.378062
0.384762
0.391543
0.398402
0.405311
0.412282
0.419372
0.426611
0.433934
0.441299
0.448706
0.45613
0.463644
0.471114
0.478493
0.485863
0.493227
0.500665
0.508215
0.515765
0.523293
0.530836
0.538435
0.546091
0.553804
0.561584
0.569478
0.577499
0.585577
0.593683
0.601823
0.609979
0.618229
0.626434
0.634534
0.642608
0.650662
0.658797
0.666987
0.675143
0.683255
0.691365
0.699522
0.707728
0.715979
0.724292
0.732711
0.74125
0.749825
0.758407
0.767002
0.775613
0.784242
0.79279
0.801255
0.809678
0.818066
0.826508
0.834997
0.843431
0.851786
0.8601
0.868416
0.876743
0.885098
0.89354
0.902125
0.910857
0.919633
0.92841
0.9372
0.94599
0.954844
0.963686
0.972427
0.981131
0.989825
0.998603
1.00745
1.01629
1.02509
1.03387
1.04268
1.05151
1.06037
1.06929
1.07829
1.08735
1.09643
1.10554
1.11463
1.12376
1.13294
1.14202
1.15103
1.16
1.16894
1.17795
1.18698
1.19592
1.20476
1.21356
1.22235
1.23115
1.23998
1.24889
1.25793
1.26712
1.27635
1.28556
1.29477
1.30398
1.31326
1.32248
1.33158
1.34063
1.34964
1.3587
1.3678
1.37685
1.38581
1.39474
1.40365
1.41255
1.42148
1.43049
1.43962
1.44883
1.45805
1.46729
1.47653
1.48578
1.49509
1.50433
1.51347
1.52256
1.53163
1.54073
1.54977
1.55874
1.56765
1.57653
1.5854
1.59425
1.60312
1.61205
1.6211
1.63021
1.63933
1.64846
1.65758
1.66672
1.67592
1.68505
1.69411
1.70314
1.71216
1.72127
1.73043
1.73956
1.74862
1.75764
1.76664
1.77566
1.78472
1.79385
1.80309
1.81238
1.82169
1.83102
1.84033
1.8497
1.85911
1.86843
1.87766
1.88688
1.89608
1.90534
1.91463
1.92385
1.93297
1.94203
1.95109
1.96014
1.96921
1.97835
1.98764
1.99702
2.00642
2.01582
2.02522
2.03462
2.04411
2.05358
2.06296
2.0723
2.08162
2.09095
2.10024
2.10943
2.11857
2.12768
2.13679
2.14589
2.155
2.16419
2.17351
2.1829
2.1923
2.2017
2.21108
2.22047
2.22991
2.23928
2.24853
2.25774
2.26691
2.27614
2.2854
2.2946
2.3037
2.31275
2.32178
2.33079
2.33983
2.34894
2.35818
2.36749
2.3768
2.38613
2.39546
2.40481
2.41423
2.42358
2.43286
2.4421
2.45134
2.46062
2.46986
2.47903
2.48815
2.49722
2.50629
2.51536
2.52447
2.53363
2.5429
2.55222
2.56155
2.57087
2.58017
2.58952
2.59886
2.60807
2.61721
2.6263
2.63536
2.64444
2.65346
2.66239
2.67126
2.6801
2.68895
2.69781
2.70671
2.71569
2.72483
2.73405
2.74331
2.75257
2.76181
2.77105
2.78037
2.78965
2.79882
2.80791
2.81697
2.8261
2.83528
2.84442
2.85352
2.86259
2.87166
2.88075
2.88986
2.89902
2.90829
2.9176
2.92692
2.93623
2.94553
2.95487
2.96426
2.97356
2.98276
2.99195
3.0011
3.01033
3.01957
3.02873
3.03778
3.04677
3.05576
3.06475
3.07376
3.08285
3.09207
3.10143
3.11081
3.12018
3.12952
3.13886
3.14825
3.15754
3.16673
3.17589
3.18502
3.19421
3.20344
3.21261
3.2217
3.23074
3.23978
3.24885
3.25796
3.26713
3.27641
3.2858
3.29522
3.30463
3.31403
3.32345
3.33294
3.3424
3.35174
3.36101
3.37026
3.37951
3.38871
3.39782
3.40689
3.41593
3.42498
3.43404
3.44313
3.45228
3.46155
3.47086
3.48017
3.48948
3.49877
3.50814
3.51745
3.52663
3.53575
3.54483
3.55388
3.563
3.57214
3.58121
3.59018
3.59908
3.60796
3.61684
3.62575
3.63476
3.64392
3.65321
3.66254
3.67187
3.6812
3.69052
3.69989
3.70924
3.71847
3.72764
3.73677
3.74597
3.75521
3.76441
3.77355
3.78265
3.79177
3.80092
3.81011
3.81936
3.8287
3.83815
3.84762
3.85709
3.86654
3.876
3.88553
3.895
3.90433
3.9136
3.92281
3.93208
3.94136
3.95056
3.95967
3.96873
3.9778
3.98689
3.996
4.00519
4.01449
4.02384
4.03321
4.04258
4.05194
4.06137
4.07083
4.08018
4.08946
4.09871
4.10794
4.11724
4.12658
4.13584
4.14501
4.15411
4.16321
4.17231
4.18145
4.19067
4.20001
4.20942
4.21885
4.22829
4.23772
4.24715
4.25669
4.26618
4.27557
4.28491
4.29422
4.30354
4.31279
4.32195
4.33104
4.3401
4.34917
4.35824
4.36731
4.37646
4.38575
4.3951
4.40446
4.41382
4.42316
4.43254
4.44194
4.45121
4.46041
4.46957
4.4787
4.48791
4.49716
4.50636
4.51548
4.52455
4.5336
4.54265
4.55174
4.56091
4.57023
4.57967
4.58915
4.59861
4.60808
4.61754
4.62707
4.63658
4.64597
4.65531
4.66463
4.67395
4.68324
4.69245
4.70161
4.71073
4.71983
4.72895
4.73808
4.74728
4.75658
4.76594
4.7753
4.78466
4.794
4.80338
4.81275
4.82202
4.83122
4.84037
4.84949
4.85865
4.86775
4.87675
4.88568
4.89458
4.90348
4.91238
4.92132
4.93035
4.93953
4.94881
4.95812
4.96744
4.97674
4.98604
4.99541
5.00472
5.0139
5.02301
5.03207
5.04118
5.05032
5.05941
5.06844
5.07742
5.08641
5.0954
5.10439
5.11344
5.1226
5.13182
5.14105
5.15029
5.15952
5.16879
5.17808
5.18726
5.19638
5.20547
5.21454
5.22366
5.23274
5.24174
5.25068
5.25961
5.26855
5.27749
5.28648
5.29554
5.30476
5.31408
5.32343
5.33277
5.34207
5.35138
5.36075
5.37004
5.37923
5.38836
5.39746
5.40665
5.41589
5.4251
5.43425
5.44337
5.45248
5.46161
5.47076
5.47998
5.48929
5.49863
5.50797
5.51733
5.52668
5.5361
5.54552
5.55481
5.56404
5.57324
5.58242
5.59163
5.6008
5.60988
5.61889
5.62788
5.63686
5.64585
5.65485
5.66394
5.67318
5.6825
5.69186
5.70122
5.71053
5.71985
5.72922
5.73848
5.74766
5.7568
5.76591
5.77509
5.78431
5.79347
5.80254
5.81158
5.82061
5.82964
5.83869
5.84783
5.85709
5.86647
5.87588
5.88526
5.89464
5.90404
5.91349
5.92282
5.93205
5.94125
5.95043
5.95965
5.96891
5.97812
5.98725
5.99633
6.0054
6.01446
6.02354
6.03269
6.04197
6.05131
6.06067
6.07004
6.07941
6.08879
6.09827
6.1077
6.11703
6.12633
6.13561
6.14497
6.15436
6.1637
6.17296
6.18217
6.1914
6.20063
6.2099
6.21923
6.22867
6.23817
6.24767
6.25718
6.26667
6.27623
6.28582
6.29529
6.30468
6.31404
6.32337
6.33275
6.34215
6.35147
6.36068
6.36982
6.37895
6.38808
6.39723
6.40646
6.41585
6.42533
6.43482
6.44433
6.45382
6.46332
6.4729
6.48242
6.49182
6.50116
6.51045
6.5198
6.52916
6.53845
6.54765
6.55682
6.56598
6.57514
6.58431
6.59354
6.6029
6.61234
6.62178
6.63122
6.64065
6.65011
6.65964
6.66916
6.67859
6.68797
6.69733
6.7067
6.71601
6.72522
6.73436
6.74347
6.75258
6.76167
6.77078
6.77997
6.7893
6.79872
6.80814
6.81754
6.82692
6.83631
6.84574
6.85513
6.86443
6.87367
6.8829
6.89221
6.90156
6.91088
6.92013
6.92935
6.93857
6.9478
6.95707
6.9664
6.97584
6.98533
6.99483
7.00433
7.01382
7.02339
7.03299
7.0425
7.05193
7.06135
7.07076
7.08018
7.08956
7.09884
7.10804
7.11719
7.12633
7.13547
7.14464
7.15389
7.16326
7.17271
7.18217
7.19163
7.20105
7.21048
7.21999
7.22945
7.2388
7.24811
7.25738
7.26673
7.27611
7.28541
7.29463
7.30381
7.31299
7.32218
7.3314
7.34069
7.3501
7.35955
7.36902
7.37849
7.38797
7.39751
7.40709
7.41655
7.42593
7.43529
7.44463
7.45402
7.46344
7.47279
7.48204
7.49123
7.50042
7.5096
7.51882
7.52812
7.53753
7.54702
7.55652
7.56603
7.5755
7.58501
7.59458
7.60406
7.61346
7.62284
7.63222
7.64162
7.65097
7.66023
7.66942
7.67859
7.68776
7.69692
7.7061
7.71536
7.72477
7.73425
7.74375
7.75324
7.76271
7.77219
7.78174
7.79127
7.80069
7.81005
7.81938
7.82878
7.83821
7.84759
7.8569
7.86617
7.87544
7.88472
7.89403
7.9034
7.91288
7.92241
7.93193
7.94147
7.95098
7.96056