0.000236485
0.000911699
0.0020931
0.00358925
0.00501319
0.00635404
0.00774985
0.00922298
0.0106413
0.0118686
0.0129057
0.0137321
0.0143696
0.0148293
0.0151211
0.0152904
0.0152761
0.0151614
0.0151091
0.0152117
0.0155267
0.0160434
0.0167445
0.0176223
0.0186534
0.0198533
0.0211556
0.022498
0.023868
0.0251773
0.026347
0.027319
0.0280859
0.0286667
0.0290648
0.0292799
0.0293411
0.0292911
0.0291977
0.0291587
0.0292569
0.0295294
0.0299911
0.0306357
0.0314096
0.0322817
0.0332808
0.034369
0.0354513
0.0364722
0.0373722
0.0381097
0.0386796
0.039097
0.0393731
0.0395126
0.0395279
0.0394428
0.0393255
0.0392598
0.0393461
0.0396153
0.0400636
0.0406993
0.0414917
0.0424053
0.0434735
0.0446244
0.0457337
0.0467446
0.0475944
0.0482683
0.0487591
0.0490734
0.049244
0.0492805
0.0491848
0.0489879
0.0487559
0.0485928
0.0485845
0.0487445
0.0490856
0.0496137
0.0503035
0.0511105
0.0520497
0.0530665
0.0540432
0.0549274
0.0556589
0.0562236
0.0566174
0.0568395
0.056919
0.0568626
0.0566718
0.0563753
0.0560448
0.055791
0.0557262
0.0558947
0.0562661
0.0568167
0.0574661
0.0582283
0.0591509
0.060105
0.0609617
0.0616644
0.0621642
0.0624256
0.062479
0.0623569
0.0621159
0.0617888
0.0613614
0.0608688
0.0603753
0.059967
0.059734
0.0597105
0.0598793
0.0602704
0.0608677
0.0616587
0.0626362
0.0636336
0.0645051
0.0652269
0.0657693
0.0661187
0.0662803
0.0662583
0.0660851
0.0657951
0.0654138
0.0649907
0.0645632
0.06415
0.0637957
0.0635864
0.0635834
0.0638277
0.0642571
0.0648551
0.0656138
0.0664135
0.0671184
0.067672
0.0680682
0.0682887
0.0683066
0.0681014
0.0677217
0.0672073
0.066589
0.0659324
0.06527
0.064622
0.0640422
0.0636019
0.0633761
0.0634181
0.0636629
0.0640925
0.0646938
0.0653578
0.0659437
0.0663815
0.0666629
0.0667851
0.0667227
0.0664628
0.0660468
0.0655144
0.0649118
0.0642793
0.0636265
0.0629717
0.0624114
0.0620273
0.0618608
0.061959
0.062266
0.0627593
0.0634313
0.0641241
0.0647007
0.0651408
0.0654235
0.0655517
0.0655079
0.0652748
0.0648796
0.0643598
0.0637722
0.0631569
0.0625216
0.0618921
0.0613747
0.0610464
0.0609383
0.0610943
0.0614614
0.0620044
0.0627127
0.063418
0.0639835
0.0643905
0.0646308
0.0647259
0.0646609
0.0644145
0.0640129
0.0634925
0.0629001
0.0622583
0.0615704
0.0608879
0.0603103
0.0599523
0.059849
0.0599832
0.0603055
0.0608053
0.0614673
0.0621394
0.0627099
0.0631266
0.0633832
0.0634926
0.0634443
0.0632259
0.0628428
0.0623399
0.0617573
0.0611246
0.0604491
0.0597775
0.0592267
0.0588836
0.058766
0.0588996
0.0592307
0.0597119
0.0603258
0.0609321
0.0614212
0.0617741
0.0619719
0.0620134
0.0618781
0.0615602
0.0610708
0.0604712
0.0598203
0.0591226
0.0584114
0.0577544
0.0572497
0.0569803
0.0569629
0.0572051
0.0576545
0.0582817
0.0590752
0.0598693
0.0605436
0.0610551
0.0614086
0.0616249
0.0616894
0.0615844
0.0613232
0.0609496
0.0605025
0.0600005
0.0594439
0.0588869
0.0584622
0.0582491
0.0582633
0.0585342
0.0589977
0.0596065
0.0603434
0.0610794
0.0617193
0.0622147
0.0625612
0.0627654
0.0627997
0.0626521
0.0623251
0.0618897
0.061396
0.060845
0.0602714
0.0597548
0.0593674
0.0592001
0.0593164
0.0597126
0.0603169
0.0610374
0.061806
0.0625254
0.0631285
0.0635585
0.0638195
0.0639255
0.0638585
0.0636094
0.0631868
0.0626591
0.0620661
0.0614018
0.0607032
0.0600551
0.0595364
0.0592299
0.0591962
0.0594392
0.0598744
0.0604424
0.0611286
0.0618015
0.0623671
0.0627903
0.0630655
0.063202
0.0631617
0.0629307
0.0625282
0.062032
0.0614951
0.0609118
0.0603209
0.0597957
0.0594256
0.0592767
0.0593741
0.0597382
0.060306
0.0610499
0.061954
0.0628584
0.0636495
0.0642808
0.0647626
0.0651146
0.0653171
0.0653552
0.0652386
0.0650438
0.0648028
0.0644913
0.0641364
0.0638201
0.0636562
0.0637176
0.0640236
0.0646015
0.0653758
0.0662505
0.0671619
0.0679978
0.0686892
0.0692013
0.06955
0.0697429
0.0697646
0.0696075
0.0692748
0.0688305
0.0683094
0.0677014
0.0670469
0.0664427
0.0659776
0.065725
0.0657419
0.0660369
0.0665214
0.0671304
0.0678506
0.0685599
0.0691707
0.0696423
0.0699635
0.070134
0.0701251
0.069928
0.0695527
0.0690748
0.0685498
0.0679748
0.0673736
0.0668226
0.0664001
0.0661928
0.0662564
0.0665911
0.0671272
0.0677759
0.0684726
0.0691198
0.0696511
0.0700111
0.0702043
0.0702554
0.0701408
0.0698425
0.0693632
0.0687676
0.0681089
0.0673872
0.0666549
0.0659932
0.0655022
0.0652393
0.0652041
0.0654202
0.0658134
0.0663143
0.0668754
0.0673653
0.0677289
0.0679365
0.0679961
0.0679039
0.0676337
0.0671823
0.0665466
0.0657859
0.0649534
0.0640491
0.0631132
0.0622375
0.061523
0.0610269
0.0607678
0.0607714
0.060972
0.0613159
0.0617916
0.0622723
0.0626585
0.0629031
0.063002
0.0629762
0.0627922
0.0624264
0.0618837
0.0612343
0.0605314
0.0597796
0.059007
0.0582918
0.0577414
0.0574291
0.0573644
0.0575562
0.0579565
0.0585388
0.0592922
0.0600498
0.0606916
0.0611754
0.0615054
0.0617031
0.0617489
0.0616242
0.0613426
0.0609452
0.0604705
0.0599328
0.0593606
0.0588104
0.0583808
0.0581571
0.0581647
0.0584167
0.0588415
0.0594062
0.0600976
0.0607824
0.06137
0.0618229
0.0621221
0.0622743
0.0622629
0.0620804
0.0617155
0.0611959
0.0605748
0.0598925
0.0591789
0.0584937
0.0579515
0.0576224
0.0575224
0.0576779
0.0580263
0.0584845
0.0589891
0.0594332
0.0597455
0.0598718
0.0598208
0.0596287
0.0592725
0.0587264
0.058004
0.0571719
0.0562732
0.0553107
0.0543461
0.0534583
0.0527402
0.0522448
0.0519711
0.0519446
0.0520985
0.0523981
0.0528529
0.0533269
0.0537095
0.053954
0.054053
0.0540164
0.0538219
0.0534511
0.052912
0.0522436
0.0514933
0.05069
0.0498452
0.0490144
0.0483161
0.0478316
0.047575
0.0475677
0.0477529
0.0480927
0.0485702
0.0490487
0.0494275
0.0496768
0.0497777
0.0497382
0.0495421
0.0491741
0.0486296
0.0479389
0.0471565
0.0463155
0.0454391
0.0445902
0.0438941
0.0434182
0.04318
0.0432095
0.0434486
0.0438572
0.0444203
0.0449885
0.045443
0.0457362
0.0458749
0.0458908
0.0457549
0.0454397
0.0449581
0.0443896
0.043774
0.0431011
0.0424218
0.0418097
0.0413539
0.0411146
0.0411114
0.0413698
0.0418275
0.0424562
0.0432453
0.0440384
0.0447171
0.0452361
0.0456049
0.045854
0.0459566
0.045888
0.0456578
0.0453379
0.044972
0.0445492
0.0440978
0.0436933
0.0434569
0.0434462
0.0436747
0.0441813
0.0448968
0.0457278
0.0466059
0.0474125
0.0480745
0.0485523
0.0488619
0.0490151
0.048997
0.0488016
0.0484368
0.0479687
0.0474268
0.0467987
0.0461483
0.0455566
0.0451325
0.0449288
0.044936
0.0451822
0.0455901
0.0461208
0.046778
0.0474313
0.0479962
0.0484408
0.048757
0.0489337
0.0489347
0.0487506
0.0483881
0.0478918
0.0473067
0.0466649
0.0459888
0.0453397
0.0448365
0.0445493
0.0444922
0.0446906
0.0450852
0.0455963
0.0461558
0.0466637
0.0470576
0.0472768
0.0473267
0.0472416
0.0469978
0.0465709
0.0459674
0.0452408
0.0444426
0.0435803
0.0426928
0.0418689
0.0412183
0.0408078
0.0406338
0.040696
0.0409371
0.0412969
0.0417247
0.0420865
0.0423233
0.0424037
0.0423302
0.0421027
0.0417005
0.0411174
0.0403497
0.0394615
0.0385105
0.0374957
0.0364548
0.0354753
0.034671
0.0340897
0.0337443
0.0336696
0.0337998
0.0340798
0.0345076
0.0349553
0.0353129
0.0355283
0.0355934
0.0355167
0.0352807
0.0348731
0.0342959
0.0336233
0.0328956
0.0321111
0.0313223
0.0306016
0.0300521
0.0297278
0.029625
0.0297689
0.0300915
0.0305319
0.0310435
0.0314893
0.0318068
0.0319705
0.0319892
0.031864
0.0315732
0.0311056
0.0304502
0.0296691
0.0288116
0.0278794
0.0269239
0.0260209
0.0252451
0.0246752
0.0243864
0.0243911
0.0245921
0.0249297
0.0253723
0.0257883
0.0260989
0.0262621
0.0262727
0.0261584
0.0258764
0.025403
0.0247482
0.0239786
0.023152
0.0222829
0.0214216
0.0206426
0.020043
0.0196717
0.0195146
0.0195952
0.0198694
0.0202853
0.0207893
0.0212417
0.0215692
0.0217269
0.0217199
0.0215623
0.0212424
0.0207525
0.0200963
0.0193406
0.0185264
0.0176394
0.016731
0.0158759
0.0151728
0.01469
0.0144502
0.0144721
0.0146768
0.015026
0.0155082
0.0159819
0.0163537
0.0165836
0.0166699
0.016621
0.0164057
0.0160059
0.0154289
0.0147196
0.0139153
0.0130446
0.0121622
0.0113286
0.0106384
0.0101522
0.00988901
0.00987564
0.0100518
0.0103946
0.0108917
0.0113932
0.0117923
0.012042
0.0121432
0.0121078
0.0119112
0.0115397
0.0109986
0.01036
0.00966928
0.00891967
0.00814307
0.00741697
0.00685689
0.00652144
0.0064224
0.00659487
0.00697564
0.00751218
0.00819584
0.00887839
0.00944082
0.00984051
0.0100819
0.0101921
0.0101476
0.00992623
0.00953908
0.00906297
0.00853657
0.00794776
0.00734595
0.00681015
0.00642969
0.00626909
0.00635012
0.0066957
0.00723598
0.00793854
0.00878976
0.00963919
0.0103814
0.0109704
0.0114144
0.0117298
0.0118896
0.0118782
0.011703
0.0114362
0.0111231
0.0107491
0.0103419
0.00998148
0.00978928
0.00982579
0.010107
0.0106675
0.0114407
0.0123716
0.0134409
0.0145128
0.0154833
0.0163018
0.0169726
0.0175099
0.0178935
0.0181125
0.0181697
0.0181378
0.01805
0.0178899
0.0176867
0.0175244
0.0175124
0.0177231
0.0181741
0.0188917
0.0198021
0.0208041
0.0218395
0.0227996
0.0236196
0.0242727
0.0247731
0.025125
0.0253046
0.0253002
0.0251117
0.0248019
0.0244144
0.0239428
0.0234205
0.0229444
0.022593
0.0224446
0.0225581
0.0229356
0.0234929
0.0241658
0.0249336
0.0256699
0.0262909
0.0267629
0.0270843
0.0272686
0.0272732
0.0270829
0.0267129
0.0262376
0.0257117
0.0251371
0.0245572
0.0240457
0.0236884
0.0235434
0.0236308
0.023977
0.0245221
0.02521
0.0259657
0.0266532
0.0272087
0.0275797
0.0277749
0.0278339
0.0277412
0.0274746
0.0270442
0.0265116
0.0259132
0.0252354
0.0245149
0.0238423
0.0233382
0.0230557
0.0230058
0.0232188
0.0236184
0.0241438
0.0247892
0.0254164
0.0259197
0.0262616
0.0264424
0.026483
0.0263535
0.0260358
0.0255426
0.0249509
0.0243105
0.023617
0.0229245
0.0223064
0.0218407
0.0215805
0.0215462
0.0217668
0.0221831
0.0227667
0.0235113
0.0242616
0.0248974
0.0253749
0.0257029
0.0259116
0.0259753
0.0258689
0.0256022
0.0252472
0.0248474
0.0243891
0.023913
0.0234951
0.0232321
0.0231914
0.0234027
0.0238874
0.0245667
0.0253642
0.0262073
0.0269714
0.0275997
0.0280539
0.0283485
0.0284905
0.0284617
0.0282575
0.0278801
0.0273896
0.0268241
0.0261763
0.0254856
0.0248475
0.0243669
0.0241058
0.0240825
0.0243157
0.0247317
0.0252757
0.025936
0.0265763
0.0270958
0.0274591
0.027669
0.0277489
0.0276645
0.0273924
0.0269457
0.0263992
0.0257995
0.0251406
0.0244716
0.023872