0.410275
0.411118
0.412301
0.413491
0.414636
0.41569
0.416523
0.417152
0.417556
0.417617
0.417427
0.417161
0.416909
0.41664
0.416269
0.415669
0.41478
0.413449
0.411606
0.409461
0.407201
0.405029
0.403021
0.401298
0.400122
0.399643
0.39982
0.400469
0.401495
0.402538
0.40322
0.403564
0.403722
0.403851
0.404126
0.404604
0.405165
0.405598
0.405661
0.405337
0.404812
0.404218
0.403656
0.403169
0.402996
0.403237
0.403849
0.404796
0.405927
0.406891
0.407418
0.40755
0.407498
0.407366
0.407276
0.407382
0.407522
0.407515
0.407171
0.406417
0.405445
0.404378
0.403284
0.402279
0.40162
0.401426
0.401662
0.40237
0.40324
0.403897
0.404202
0.40422
0.404167
0.40412
0.404156
0.404351
0.404609
0.404743
0.404537
0.404053
0.403464
0.402851
0.402283
0.401834
0.401696
0.401975
0.402626
0.403663
0.404749
0.405547
0.405946
0.406004
0.405906
0.40574
0.405633
0.405689
0.405789
0.405749
0.405358
0.404653
0.403818
0.402947
0.402144
0.401553
0.401406
0.401799
0.402787
0.403917
0.404796
0.405333
0.40558
0.405743
0.405912
0.406108
0.406322
0.40653
0.406631
0.406282
0.40522
0.403612
0.401976
0.400591
0.399582
0.398942
0.398828
0.399369
0.400572
0.402072
0.403429
0.404519
0.405366
0.406085
0.406752
0.407404
0.408041
0.408644
0.409127
0.409209
0.408662
0.407474
0.405981
0.404536
0.403329
0.402485
0.402157
0.402427
0.403278
0.404445
0.405475
0.40628
0.406842
0.407219
0.407583
0.407997
0.40848
0.408977
0.409362
0.409364
0.408764
0.407538
0.40597
0.404461
0.403247
0.402438
0.402168
0.402493
0.403371
0.404547
0.405597
0.406429
0.407076
0.407585
0.40808
0.408632
0.409219
0.409739
0.410051
0.409913
0.40915
0.407836
0.406327
0.404908
0.4038
0.403006
0.402695
0.402982
0.403865
0.405034
0.406098
0.40691
0.407505
0.408036
0.408553
0.409092
0.409633
0.410072
0.410271
0.409977
0.409028
0.407535
0.405875
0.404334
0.403138
0.402283
0.401912
0.402176
0.403072
0.404264
0.405373
0.40627
0.406982
0.407631
0.408264
0.408897
0.409486
0.409945
0.410177
0.409937
0.409057
0.407647
0.406091
0.40472
0.403769
0.403152
0.403011
0.403479
0.40452
0.405816
0.407006
0.408044
0.408935
0.409729
0.410495
0.411214
0.411878
0.412425
0.412732
0.412528
0.411641
0.410226
0.408558
0.406957
0.405701
0.404835
0.404456
0.404658
0.405438
0.406472
0.407373
0.408034
0.408504
0.408927
0.409394
0.409923
0.410417
0.410725
0.41065
0.410018
0.408807
0.407123
0.405315
0.403739
0.402644
0.401946
0.40174
0.402138
0.403162
0.404452
0.405681
0.406829
0.407898
0.408894
0.409855
0.410759
0.411583
0.412254
0.412669
0.412576
0.411795
0.410457
0.408917
0.407468
0.406364
0.405615
0.405339
0.405644
0.406512
0.407628
0.408629
0.409469
0.410188
0.410866
0.411569
0.41227
0.412915
0.413369
0.413404
0.412846
0.411697
0.41007
0.408342
0.406807
0.405693
0.405017
0.404831
0.405177
0.406019
0.407016
0.407924
0.408719
0.409409
0.410087
0.410803
0.411517
0.412157
0.412633
0.412723
0.412249
0.411199
0.409658
0.407989
0.406493
0.405403
0.404737
0.40455
0.404898
0.405791
0.40688
0.407825
0.408629
0.40933
0.409975
0.410611
0.411231
0.411762
0.412075
0.411975
0.411301
0.410107
0.408532
0.406828
0.405352
0.404298
0.403583
0.403335
0.403656
0.404575
0.405738
0.406818
0.407808
0.40872
0.4096
0.410501
0.411384
0.412191
0.412813
0.41304
0.41269
0.411741
0.410296
0.408558
0.406861
0.405505
0.404562
0.404119
0.404237
0.404864
0.405666
0.40641
0.40709
0.407737
0.408458
0.409291
0.410164
0.410988
0.411664
0.411974
0.411713
0.410859
0.409496
0.407941
0.406522
0.405511
0.404929
0.404832
0.405275
0.40626
0.407465
0.408564
0.409527
0.410382
0.411179
0.41196
0.4127
0.413362
0.413828
0.413874
0.413341
0.41223
0.410658
0.408992
0.407502
0.406403
0.405713
0.405497
0.405794
0.406558
0.407438
0.408207
0.408871
0.409442
0.409997
0.410594
0.411213
0.411745
0.412071
0.41201
0.411384
0.410232
0.40868
0.407129
0.405871
0.404951
0.404382
0.404278
0.404674
0.405501
0.406423
0.407243
0.407987
0.408678
0.409378
0.410134
0.410948
0.411765
0.412487
0.412878
0.412724
0.411996
0.41077
0.409244
0.407764
0.406626
0.405897
0.405645
0.405923
0.406744
0.407777
0.408665
0.409384
0.409986
0.410546
0.411142
0.411761
0.412298
0.412593
0.412463
0.411747
0.410444
0.408682
0.40678
0.405101
0.403911
0.403113
0.402804
0.403104
0.404044
0.405261
0.406418
0.407496
0.408503
0.409451
0.410383
0.411274
0.412076
0.412705
0.413062
0.412907
0.412144
0.41088
0.409373
0.407979
0.406953
0.406248
0.405974
0.406235
0.407056
0.408102
0.409024
0.409733
0.410258
0.410736
0.411238
0.411787
0.412325
0.412722
0.412862
0.412467
0.411401
0.409802
0.407941
0.406196
0.404844
0.403923
0.403512
0.403655
0.404312
0.405166
0.405955
0.406637
0.407222
0.407793
0.408403
0.409019
0.40953
0.409848
0.409793
0.409198
0.408088
0.406636
0.405242
0.404183
0.403452
0.403042
0.403094
0.403665
0.404783
0.40607
0.407218
0.408248
0.409168
0.410008
0.410801
0.41154
0.412219
0.412779
0.413105
0.412945
0.412132
0.410786
0.409169
0.407615
0.406381
0.405508
0.405091
0.405252
0.405993
0.406986
0.407852
0.408491
0.408945
0.409361
0.409828
0.410373
0.410908
0.411282
0.411381
0.410952
0.409856
0.408216
0.406389
0.404711
0.403444
0.402591
0.402257
0.40253
0.403421
0.404619
0.405752
0.406763
0.407668
0.408496
0.409292
0.410047
0.410689
0.411095
0.411079
0.410498
0.409397
0.407904
0.406274
0.404865
0.403874
0.40322
0.403026
0.403386
0.404337
0.405527
0.406622
0.407611
0.408511
0.409357
0.41019
0.410991
0.411686
0.412163
0.412236
0.411734
0.410641
0.409062
0.407307
0.405662
0.404402
0.403545
0.403195
0.403446
0.404219
0.405174
0.40608
0.40693
0.407736
0.408576
0.40949
0.410419
0.411284
0.411996
0.412339
0.412122
0.411364
0.410134
0.408813
0.407704
0.406883
0.406389
0.40631
0.406693
0.407575
0.408588
0.409435
0.410157
0.410793
0.411415
0.412081
0.412758
0.413407
0.413913
0.414166
0.413893
0.412919
0.411396
0.409596
0.407877
0.406516
0.405547
0.405066
0.405138
0.405723
0.406489
0.407175
0.407743
0.408211
0.408682
0.409225
0.409812
0.410317
0.410669
0.410661
0.410107
0.40898
0.40736
0.405722
0.404381
0.403453
0.402921
0.402856
0.403304
0.404188
0.40517
0.406043
0.406838
0.407577
0.408297
0.409039
0.4098
0.410549
0.41121
0.411546
0.411355
0.410616
0.409401
0.407978
0.406643
0.405674
0.405088
0.404976
0.40541
0.406401
0.407616
0.408701
0.409632
0.410443
0.411201
0.411979
0.412746
0.413433
0.413904
0.413942
0.413399
0.412325
0.410802
0.409252
0.407947
0.40694
0.406253
0.405997
0.406225
0.406894
0.407645
0.408287
0.408864
0.409412
0.410025
0.410753
0.411573
0.41241
0.413099
0.413452
0.413247
0.412505
0.411288
0.409839
0.408464
0.407427
0.406794
0.406622
0.406945
0.407768
0.408778
0.40964
0.410322
0.410867
0.411344
0.411814
0.412272
0.412628
0.412719
0.412368
0.411433
0.409986
0.40818
0.406447
0.405062
0.404026
0.403338
0.403131
0.403444
0.40422
0.405114
0.405915
0.406655
0.407348
0.408066
0.408859
0.409679
0.410457
0.411122
0.411461
0.411283
0.410602
0.409471
0.408105
0.40686
0.405987
0.405433
0.405299
0.405674
0.406588
0.407688
0.408657
0.409497
0.410231
0.410916
0.411602
0.412258
0.412844
0.413258
0.41338
0.412961
0.411939
0.410436
0.408721
0.407187
0.40608
0.405316
0.404997
0.405221
0.406034
0.407112
0.408079
0.408895
0.409594
0.41025
0.410927
0.411588
0.412166
0.412539
0.41249
0.411863
0.410657
0.408987
0.407161
0.405477
0.40421
0.403363
0.403023
0.40329
0.404173
0.405304
0.406341
0.407274
0.408136
0.408956
0.409781
0.410582
0.411266
0.411709
0.411736
0.411194
0.410109
0.408606
0.406936
0.405475
0.404436
0.403741
0.403502
0.403821
0.404735
0.4059
0.406981
0.407961
0.40886
0.409722
0.410592
0.411442
0.412222
0.41282
0.413017
0.412634
0.411653
0.410186
0.408523
0.406953
0.405755
0.404958
0.404661
0.40496
0.405858
0.407017
0.408099
0.409075
0.40998
0.41088
0.411842
0.412823
0.413746
0.41445
0.414726
0.414393
0.413428
0.411945
0.410167
0.408445
0.407074
0.406119
0.405659
0.405746
0.40634
0.407117
0.407842
0.40851
0.409158
0.409876
0.410704
0.411584
0.412426
0.413121
0.413452
0.413208
0.412365
0.41101
0.409365
0.407791
0.406587
0.405814
0.405524
0.405777
0.406565
0.407552
0.408416
0.409137
0.40976
0.410341
0.410934
0.41152
0.412004
0.412236
0.412043
0.411276
0.409989
0.408319
0.406521
0.40496
0.403831
0.403041
0.402722
0.402939
0.403673
0.40459
0.405445
0.40625
0.407003
0.407745
0.408508
0.409261
0.409916
0.410412
0.410578
0.41022
0.409295
0.407869
0.406227
0.404685
0.403551
0.402841
0.402633
0.403029
0.404013
0.405224
0.406333
0.407332
0.408243
0.409086
0.409893
0.410637
0.411264
0.411657
0.411625
0.41103
0.409915
0.408407
0.406769
0.405363
0.404378
0.403724
0.403522
0.403869
0.404804
0.40598
0.40706
0.40803
0.408908
0.40973
0.410538
0.411315
0.411984
0.412431
0.412477
0.411954
0.410907
0.409418
0.407735
0.406207
0.40508
0.404299
0.403971
0.404152
0.404831
0.405668
0.406426
0.407118
0.407767
0.408475
0.409285
0.41014
0.410952
0.411621
0.411926
0.41166
0.410802
0.40944
0.407762
0.406133
0.404879
0.404066
0.403761
0.404026
0.404866
0.405941
0.40691
0.407749
0.408501
0.409211
0.409931
0.410634
0.411227
0.411572
0.411498
0.410858
0.409699
0.40815