0.0118287
0.0186201
0.046736
0.0395078
0.0238632
0.017336
0.0294939
0.0350589
0.0459712
0.0645292
0.0779112
0.0879517
0.0876328
0.0923464
0.0982173
0.10674
0.112906
0.116084
0.11784
0.1187
0.123741
0.119753
0.114143
0.100815
0.0966985
0.0883836
0.0767988
0.0772979
0.0743499
0.0757371
0.0801229
0.0899866
0.0994988
0.104618
0.109394
0.116872
0.117212
0.112341
0.106593
0.104705
0.0937143
0.0913541
0.0860862
0.0842834
0.0763011
0.0731999
0.065291
0.0656367
0.063646
0.0641096
0.0654609
0.0749066
0.0807909
0.0901112
0.0962647
0.104724
0.108125
0.104168
0.0973657
0.096767
0.0852837
0.0839107
0.0832928
0.0764196
0.0704263
0.071413
0.0660705
0.063766
0.0642612
0.0651505
0.0724006
0.0818636
0.0878256
0.0952647
0.10146
0.109398
0.112031
0.108345
0.105331
0.0948479
0.0782481
0.0794105
0.0793201
0.0755595
0.0699268
0.0681618
0.0634344
0.0626146
0.0624915
0.0617034
0.0663637
0.074744
0.0829336
0.091839
0.0975481
0.106345
0.10937
0.106375
0.0994481
0.0979653
0.0889514
0.0985423
0.100309
0.100871
0.106346
0.128772
0.136264
0.150864
0.162953
0.183841
0.200427
0.21766
0.229502
0.249766
0.266248
0.28581
0.30409
0.31754
0.325696
0.335175
0.335712
0.336507
0.337474
0.343235
0.348033
0.369038
0.377849
0.382755
0.388315
0.398765
0.410719
0.42202
0.431109
0.446686
0.46305
0.481194
0.491622
0.499655
0.501099
0.503038
0.513977
0.509197
0.51354
0.516833
0.522319
0.540745
0.549485
0.548524
0.555593
0.564803
0.576737
0.585772
0.593622
0.60382
0.618785
0.634569
0.64172
0.648953
0.649364
0.651683
0.660103
0.64831
0.648763
0.648247
0.648411
0.663539
0.668078
0.664102
0.668179
0.673909
0.683326
0.689266
0.693574
0.701924
0.717638
0.731296
0.734549
0.737478
0.739122
0.738179
0.749992
0.736354
0.734854
0.73691
0.736089
0.754128
0.757881
0.755461
0.753254
0.757785
0.763236
0.769095
0.774786
0.782668
0.797769
0.80746
0.808927
0.810281
0.811739
0.81083
0.823601
0.80924
0.806007
0.806573
0.804665
0.819936
0.819863
0.814438
0.810728
0.81375
0.819003
0.823494
0.828275
0.835989
0.849731
0.857805
0.858229
0.856617
0.857111
0.861896
0.854618
0.847887
0.841603
0.84163
0.836883
0.851366
0.848977
0.841536
0.833776
0.832552
0.833523
0.834455
0.839215
0.851962
0.867969
0.87861
0.877988
0.875616
0.876051
0.872752
0.885507
0.873939
0.869115
0.869573
0.869726
0.884961
0.88664
0.882174
0.879494
0.879434
0.881903
0.88542
0.88857
0.895483
0.907837
0.90526
0.910915
0.905449
0.90558
0.914067
0.908048
0.900351
0.895427
0.896579
0.892217
0.906514
0.901262
0.89181
0.881556
0.881122
0.881648
0.881845
0.886318
0.898183
0.914651
0.924035
0.922679
0.918481
0.918744
0.915815
0.925587
0.911203
0.904974
0.903439
0.899503
0.911661
0.909893
0.902243
0.894705
0.892117
0.891983
0.892015
0.895994
0.907391
0.923407
0.920249
0.923978
0.919506
0.919291
0.920957
0.924043
0.914076
0.908604
0.907796
0.911159
0.91005
0.900577
0.896265
0.888285
0.888635
0.886957
0.886025
0.889665
0.899387
0.914051
0.909942
0.914697
0.908446
0.90748
0.908883
0.913929
0.904835
0.90174
0.902608
0.902254
0.916976
0.917149
0.910672
0.904019
0.901573
0.901209
0.903941
0.909094
0.919022
0.932014
0.928238
0.932599
0.928118
0.927255
0.939891
0.931807
0.922878
0.919936
0.92235
0.91788
0.932087
0.927577
0.919011
0.90861
0.907147
0.906595
0.906134
0.910578
0.922031
0.940316
0.938047
0.94217
0.936135
0.935502
0.935622
0.948154
0.937134
0.932968
0.931977
0.935134
0.934286
0.923394
0.917813
0.911563
0.912295
0.911775
0.910593
0.914353
0.925946
0.942589
0.939108
0.941791
0.93525
0.933692
0.933967
0.937741
0.925651
0.92015
0.919104
0.916203
0.928447
0.926
0.917245
0.908378
0.904882
0.903474
0.902717
0.907516
0.918476
0.933568
0.929055
0.933287
0.928921
0.929411
0.930727
0.935437
0.927377
0.923233
0.924041
0.928341
0.928564
0.920014
0.916224
0.908625
0.908358
0.90646
0.909334
0.913065
0.921691
0.934575
0.930762
0.934073
0.927328
0.924388
0.936387
0.921067
0.913878
0.909946
0.907487
0.907681
0.909212
0.897652
0.89113
0.88481
0.885976
0.886419
0.888231
0.89399
0.906432
0.925012
0.92393
0.927948
0.922223
0.919592
0.91985
0.930053
0.916402
0.910118
0.906993
0.905497
0.919232
0.918145
0.913126
0.90831
0.907217
0.908221
0.910355
0.91336
0.921855
0.933853
0.929774
0.931772
0.925988
0.92615
0.935165
0.929149
0.920894
0.915669
0.91815
0.913681
0.927671
0.9225
0.912926
0.90196
0.900722
0.900442
0.9003
0.904778
0.915881
0.931846
0.940115
0.938454
0.93378
0.92888
0.938442
0.930242
0.919852
0.915354
0.915031
0.911391
0.92527
0.922376
0.914868
0.906662
0.903672
0.905328
0.909422
0.914433
0.922489
0.934789
0.942729
0.941574
0.937265
0.936985
0.936024
0.948431
0.933968
0.927734
0.925154
0.927042
0.925396
0.914822
0.910274
0.904479
0.905309
0.905026
0.908389
0.911617
0.921054
0.933655
0.929318
0.932158
0.926523
0.924979
0.935274
0.918599
0.911597
0.908592
0.906813
0.903485
0.917812
0.913902
0.905106
0.89368
0.890472
0.88949
0.889758
0.896012
0.908573
0.924827
0.93389
0.933573
0.930659
0.92955
0.926121
0.93787
0.923728
0.916958
0.914649
0.912202
0.925671
0.924048
0.917399
0.912173
0.910709
0.913434
0.917415
0.921719
0.928613
0.941181
0.948509
0.947249
0.94242
0.941278
0.940417
0.950664
0.933915
0.927563
0.923956
0.919191
0.931371
0.926657
0.916841
0.908624
0.907763
0.908482
0.910672
0.914764
0.92454
0.938716
0.934353
0.937318
0.933261
0.932749
0.944928
0.936265
0.926904
0.923623
0.925415
0.921825
0.93651
0.932568
0.923679
0.913368
0.911309
0.910713
0.912735
0.917642
0.927978
0.94391
0.940935
0.945038
0.938984
0.938362
0.939576
0.951089
0.93775
0.933434
0.932252
0.933771
0.931709
0.920301
0.913532
0.90658
0.908026
0.908106
0.907584
0.911052
0.922166
0.938589
0.935084
0.938312
0.932651
0.929905
0.941836
0.927662
0.919887
0.91677
0.914449
0.911978
0.927976
0.924685
0.917746
0.909913
0.906432
0.905726
0.906685
0.91257
0.924868
0.940513
0.948808
0.94736
0.943324
0.942889
0.940632
0.95314
0.939807
0.933727
0.932489
0.934846
0.93364
0.923957
0.919989
0.912613
0.911971
0.910493
0.913176
0.915801
0.92535
0.93735
0.934706
0.937523
0.930579
0.929596
0.938802
0.925367
0.920377
0.914833
0.913397
0.915404
0.916911
0.905404
0.898226
0.891706
0.891493
0.890708
0.892242
0.897979
0.911186
0.929748
0.928643
0.933982
0.92808
0.925397
0.924963
0.93378
0.918195
0.911313
0.908086
0.904708
0.916757
0.914189
0.907465
0.900401
0.899316
0.900486
0.899197
0.901428
0.911179
0.924891
0.921295
0.924517
0.919507
0.918241
0.931255
0.917064
0.910636
0.908659
0.908189
0.91049
0.913278
0.903054
0.898435
0.892339
0.894085
0.895116
0.896483
0.902444
0.914144
0.934113
0.933369
0.936586
0.929901
0.924146
0.928306
0.93099
0.917716
0.913911
0.910702
0.910942
0.924853
0.924979
0.919034
0.913643
0.911748
0.911955
0.914216
0.918161
0.926722
0.936762
0.932264
0.934286
0.930368
0.930741
0.944406
0.928828
0.922168
0.920096
0.919146
0.920226
0.922461
0.911876
0.906205
0.89933
0.899564
0.899403
0.899843
0.904302
0.916307
0.934624
0.933659
0.93872
0.931549
0.925732
0.936194
0.927571
0.917257
0.913564
0.912545
0.910214
0.924766
0.921004
0.913083
0.905501
0.903567
0.903797
0.904046
0.90884
0.920389
0.934329
0.941736
0.939368
0.935388
0.933478
0.944308
0.935536
0.923369
0.918898
0.919536
0.915371
0.928676
0.925681
0.918132
0.91055
0.907799
0.907248
0.906878
0.910982
0.921747
0.937244
0.933409
0.937605
0.932518
0.932174
0.933163
0.944908
0.931923
0.928188
0.928849
0.926988
0.94121
0.939276
0.931127
0.923304
0.922632
0.923708
0.925726
0.929498
0.939182
0.95241
0.948498
0.951461
0.946601
0.945802
0.958063
0.949196
0.938854
0.934723
0.935642
0.930197
0.943821
0.938373
0.928445
0.917536
0.915173
0.91401
0.913991
0.919184
0.931411
0.950374
0.948068
0.951707
0.946036
0.944911
0.945104
0.954393
0.940265
0.934229
0.931512
0.927163
0.939255
0.935171
0.926797
0.918047
0.917405
0.918122
0.916873
0.919896
0.930119
0.946931
0.943474
0.945466
0.939746
0.939979
0.940738
0.952684
0.941598
0.937142
0.936218
0.938497
0.937344
0.925688
0.919282
0.912263
0.911922
0.911118
0.910365
0.914836
0.92644
0.94448
0.941389
0.943308
0.935913
0.933401
0.933298
0.939369
0.929044
0.923994
0.923075
0.922627
0.936275
0.935678
0.929531
0.923718
0.922244
0.922579
0.925253
0.929579
0.939053
0.951457
0.947528
0.949835
0.946218
0.945939
0.959155
0.951492
0.942573
0.939674
0.94264
0.942746
0.944279
0.93257
0.925512
0.916916
0.915914
0.913794
0.916416
0.920642
0.931265
0.947391
0.944432
0.947905
0.940072
0.937522
0.937601
0.947912
0.934458
0.929895
0.928773
0.926327
0.939877
0.937175
0.928009
0.920364
0.9188
0.918986
0.920934
0.925239
0.935857
0.948463
0.944132
0.947715
0.943944
0.944167
0.956733
0.947879
0.937814
0.934181
0.936067
0.931666
0.945277
0.940937
0.932102
0.921761
0.919764
0.919002
0.920972
0.925785
0.935776
0.951275
0.948115
0.951826
0.94552
0.942174
0.955321
0.948231
0.939207
0.936923
0.938234
0.940476
0.941651
0.929904
0.923988
0.917016
0.917912
0.917298
0.917121
0.921902
0.933865
0.951365
0.948798
0.951236
0.944602
0.942479
0.942692
0.953688
0.941101
0.935958
0.933587
0.931603
0.945623
0.943195
0.935492
0.92954
0.92806
0.928115
0.92972
0.93334
0.94296
0.955878
0.951243
0.953375
0.948578
0.94736
0.959598