0.0472194
0.0890488
0.150584
0.155965
0.139708
0.138395
0.144828
0.150806
0.132992
0.113385
0.0958447
0.0711829
0.0568135
0.0345279
0.0215512
0.00631867
-0.0194304
-0.0216388
-0.0162139
0.00138032
0.0214044
0.0410654
0.0596126
0.0808863
0.10101
0.129694
0.132779
0.1411
0.137087
0.125953
0.107564
0.0865162
0.066649
0.0492094
0.0305698
0.0143049
0.00100717
-0.00795702
-0.0112509
-0.00197274
0.0138188
0.0319158
0.0523106
0.0700904
0.0829161
0.0939565
0.109367
0.110283
0.104622
0.0960364
0.08161
0.065392
0.0488775
0.0347962
0.0202667
0.00820003
-0.00544978
-0.0127178
-0.0151751
-0.00672733
0.0115802
0.0281433
0.0471827
0.0673966
0.0839354
0.0974594
0.117527
0.11492
0.107263
0.0938291
0.0755909
0.0594138
0.0391814
0.0237602
0.0101081
-0.00249465
-0.0158388
-0.0233423
-0.0258042
-0.0136203
0.00336703
0.0199151
0.0408663
0.0597538
0.0772644
0.0864931
0.103533
0.100535
0.0930702
0.0811926
0.0637565
0.0491121
0.0301384
0.0145741
0.00105888
-0.012015
-0.026406
-0.0342731
-0.0371544
-0.0233161
-0.00144742
0.0217614
0.0394506
0.0607002
0.0673196
0.0897978
0.103044
0.0944323
0.079962
0.0617769
0.0385636
0.0140486
-0.0030129
-0.0209704
-0.0271177
-0.0377759
-0.0483892
-0.062196
-0.071065
-0.0624463
-0.0392736
-0.0127236
0.0123077
0.0445436
0.0696531
0.0970721
0.113846
0.0977068
0.0805739
0.0632357
0.0434307
0.0249347
0.00689223
-0.0105601
-0.021877
-0.0317911
-0.0387123
-0.0486817
-0.059323
-0.0687204
-0.0573386
-0.036733
-0.00652255
0.0256305
0.0471875
0.0740786
0.0870431
0.0792827
0.0605895
0.0447591
0.0280244
0.00970304
-0.0118193
-0.0337752
-0.0452165
-0.0581405
-0.0648321
-0.0730714
-0.0834036
-0.091666
-0.0809251
-0.0609431
-0.0269187
0.00642349
0.030502
0.0574642
0.0709575
0.0658436
0.0478812
0.0323454
0.0158718
0.000901153
-0.0197944
-0.0369013
-0.0488379
-0.0580025
-0.0636444
-0.0739235
-0.0871996
-0.0932285
-0.0751562
-0.0518316
-0.0206432
0.0118185
0.0360858
0.0624115
0.0781682
0.0637577
0.0483876
0.0332046
0.0162922
0.00263084
-0.0170837
-0.0336449
-0.0476852
-0.0572646
-0.0635994
-0.0749571
-0.0883112
-0.0924632
-0.0718138
-0.047614
-0.0158509
0.0167635
0.0416316
0.067516
0.0812492
0.0645918
0.047106
0.0294557
0.0128107
0.000721464
-0.0178715
-0.0336534
-0.0470674
-0.056636
-0.0635516
-0.0786083
-0.0935272
-0.0928922
-0.077499
-0.0419913
-0.0128287
0.0163463
0.0387876
0.0640494
0.074452
0.0616632
0.0480117
0.0287594
0.0159815
0.000552021
-0.0136289
-0.0312899
-0.0444204
-0.0541362
-0.0623521
-0.0771133
-0.0922178
-0.0934225
-0.0741356
-0.048508
-0.0178087
0.0142208
0.0366788
0.0583663
0.0687234
0.0541571
0.0395732
0.0244795
0.00837338
-0.00632541
-0.0258446
-0.0410344
-0.0578226
-0.0640436
-0.0755014
-0.0889275
-0.0970252
-0.0909389
-0.071079
-0.0357595
-0.00496413
0.0289784
0.0511321
0.0776631
0.0875637
0.0736543
0.0577166
0.0386344
0.0258481
0.0126174
-0.00197041
-0.0184817
-0.030584
-0.0396415
-0.0468737
-0.0629549
-0.0787472
-0.0805466
-0.058161
-0.0323674
-0.00159746
0.0300536
0.0507387
0.0715863
0.0802642
0.0677528
0.0555238
0.0370849
0.0258361
0.00993954
-0.0059116
-0.0237638
-0.0388172
-0.0462774
-0.0585524
-0.0740126
-0.0817166
-0.077853
-0.0578078
-0.0233683
0.012518
0.0454849
0.0660596
0.0803773
0.0775903
0.0656976
0.0500221
0.030272
0.0167926
0.000719077
-0.0154029
-0.0328992
-0.0474447
-0.0540217
-0.0678496
-0.0841734
-0.0933889
-0.0901468
-0.070319
-0.0374706
-0.00220786
0.0304816
0.0497146
0.0686275
0.075537
0.0618546
0.0488544
0.0315327
0.0191044
0.00471152
-0.0144433
-0.0314113
-0.0467273
-0.052117
-0.0635269
-0.0778841
-0.0816134
-0.074027
-0.0537804
-0.0217228
0.00908459
0.0425207
0.0634622
0.0895573
0.0982285
0.0853584
0.0700953
0.0514805
0.0401381
0.0269539
0.0128238
-0.0028029
-0.0146348
-0.0181241
-0.0302283
-0.0471235
-0.0568319
-0.0539062
-0.0328937
-0.00644051
0.0263196
0.060251
0.0790396
0.0936211
0.0901658
0.0751998
0.0574799
0.0382966
0.0249887
0.00848638
-0.00657823
-0.0234543
-0.0375135
-0.0440698
-0.0584748
-0.0767715
-0.0867206
-0.0831878
-0.063972
-0.0323788
0.00303418
0.0355754
0.0540592
0.0716801
0.0781314
0.0651282
0.0529346
0.035465
0.0229725
0.00676744
-0.0106297
-0.0284316
-0.0435803
-0.0499659
-0.0609923
-0.0757688
-0.0840788
-0.0800403
-0.059823
-0.0266228
0.00746838
0.039915
0.0593192
0.073645
0.0706713
0.0591646
0.0436997
0.024301
0.0107517
-0.00321635
-0.0206616
-0.0376701
-0.0549808
-0.0625684
-0.0759991
-0.0917267
-0.0954139
-0.08808
-0.0613397
-0.0329396
-0.00468037
0.0285619
0.0429025
0.0602298
0.0553979
0.041073
0.026208
0.00882378
-0.00334969
-0.0205461
-0.0370269
-0.054006
-0.0702021
-0.0766614
-0.0886041
-0.103932
-0.111552
-0.106676
-0.0867489
-0.0606966
-0.029047
0.00386433
0.0237903
0.0438558
0.0531877
0.041097
0.0291278
0.0110657
-0.00015983
-0.0131101
-0.0300538
-0.0470584
-0.0630624
-0.0703788
-0.0822798
-0.0965394
-0.104956
-0.0969572
-0.076984
-0.041836
-0.0117073
0.0224818
0.0449961
0.0726737
0.0830858
0.0698303
0.0543265
0.0359559
0.0234356
0.0109664
-0.00418868
-0.0201612
-0.0329542
-0.0425198
-0.0507737
-0.0680469
-0.0763539
-0.075883
-0.0593185
-0.0301974
-0.00156827
0.0282805
0.0456618
0.0672995
0.074599
0.0624639
0.0502545
0.0343063
0.0200397
0.00560167
-0.0116979
-0.0269767
-0.0460937
-0.0578108
-0.0697388
-0.0841054
-0.0967462
-0.0956098
-0.0750971
-0.0491011
-0.0170263
0.0156912
0.0363388
0.0526085
0.0510282
0.0376908
0.0202788
-0.00101903
-0.0153267
-0.0285064
-0.0462174
-0.0640503
-0.0798204
-0.0871968
-0.101207
-0.116358
-0.119581
-0.111571
-0.0831068
-0.0554836
-0.0273056
0.00476406
0.0223499
0.0446961
0.053622
0.0432508
0.0300601
0.0139314
0.000942846
-0.0122596
-0.0289672
-0.0457885
-0.0608607
-0.0708111
-0.0789731
-0.0928661
-0.106162
-0.106115
-0.0859624
-0.0605797
-0.0305122
0.000395727
0.021823
0.0446519
0.0546451
0.0421242
0.0294105
0.0143283
-0.000113536
-0.0133596
-0.0306056
-0.046014
-0.0637575
-0.0752317
-0.0857764
-0.100815
-0.113581
-0.112955
-0.0894946
-0.0621147
-0.029133
0.00449949
0.028535
0.052936
0.0644427
0.0509141
0.0356861
0.0159174
0.00427844
-0.00756726
-0.0238654
-0.0408339
-0.0547401
-0.0598339
-0.0725506
-0.0874934
-0.0908096
-0.0842342
-0.0634732
-0.0330766
-0.00250117
0.030319
0.0511568
0.0766796
0.0863641
0.0735158
0.0580678
0.0395742
0.0278884
0.016824
0.000796268
-0.0148234
-0.0288673
-0.033727
-0.0454894
-0.0605403
-0.069272
-0.0658365
-0.0408595
-0.0143361
0.0191027
0.0538089
0.0744624
0.0905505
0.0873629
0.0722936
0.0542448
0.0341862
0.0208299
0.00450093
-0.0104919
-0.0272194
-0.0404069
-0.0460734
-0.0604634
-0.0780926
-0.0821024
-0.0783735
-0.0522952
-0.0273964
-0.000645076
0.0306944
0.0439078
0.0642773
0.0698685
0.0588669
0.047963
0.0338185
0.0225063
0.00696924
-0.010713
-0.0277859
-0.0439013
-0.0541426
-0.0640075
-0.0782903
-0.0908618
-0.0889793
-0.0679317
-0.0425977
-0.0111727
0.0205689
0.0416564
0.0579765
0.0560896
0.0448798
0.0295215
0.00920857
-0.0040547
-0.01706
-0.034079
-0.0512374
-0.0677504
-0.07604
-0.0896983
-0.104894
-0.113847
-0.106122
-0.0809866
-0.0481617
-0.0199195
0.012059
0.0284534
0.0466236
0.0427814
0.0284487
0.0135651
-0.00406614
-0.0172511
-0.0339588
-0.0503786
-0.0676834
-0.0840284
-0.08978
-0.100858
-0.115203
-0.12215
-0.117194
-0.0933649
-0.0671129
-0.0348229
-0.0015999
0.0190441
0.0393948
0.0502818
0.0387688
0.0266462
0.00840061
-0.00348279
-0.0188155
-0.033166
-0.0504877
-0.0641349
-0.0703564
-0.0826409
-0.0969036
-0.0997188
-0.0936188
-0.0674839
-0.0408957
-0.0133306
0.0192671
0.034469
0.0536042
0.0503295
0.0363517
0.0213209
0.0047689
-0.00771838
-0.0234235
-0.0391231
-0.0557474
-0.0723544
-0.0793785
-0.0916742
-0.107704
-0.112005
-0.11071
-0.091316
-0.0623672
-0.024771
0.00659977
0.0257409
0.0433138
0.0486096
0.0344194
0.022805
0.00347629
-0.00772648
-0.0207634
-0.0396707
-0.0572403
-0.0746394
-0.0838825
-0.0966327
-0.110296
-0.112551
-0.10375
-0.075518
-0.0470408
-0.0202581
0.0131461
0.0325223
0.0539944
0.0523033
0.039285
0.0232566
0.0041735
-0.0098115
-0.0252418
-0.0404626
-0.0566348
-0.0704541
-0.0746857
-0.0863772
-0.102043
-0.105726
-0.101453
-0.0819998
-0.052588
-0.0221908
0.00865728
0.0254179
0.0468996
0.0534235
0.0407434
0.0281247
0.0108936
-0.000501688
-0.0149262
-0.031586
-0.0494226
-0.0650267
-0.0761566
-0.0880167
-0.103814
-0.109264
-0.106186
-0.0876111
-0.0591611
-0.0295466
0.0016914
0.0220365
0.047363
0.0573429
0.0450933
0.0314021
0.0131794
0.00152543
-0.0131602
-0.028668
-0.0457543
-0.0601235
-0.0666465
-0.0791132
-0.0948487
-0.103017
-0.0995178
-0.0748049
-0.0471647
-0.0139193
0.0207577
0.0431917
0.0664135
0.076676
0.0626482
0.0470384
0.0276715
0.0148764
0.00233758
-0.013892
-0.0303523
-0.0445285
-0.049629
-0.0625141
-0.0779993
-0.0822517
-0.075386
-0.0555311
-0.0241003
0.006225
0.0395666
0.0585958
0.0837867
0.0913572
0.0793884
0.0646969
0.0469837
0.0357782
0.0227176
0.00724305
-0.00859484
-0.0221668
-0.0267846
-0.0380561
-0.0538595
-0.0623996
-0.058795
-0.034322
-0.00752676
0.0259751
0.0603645
0.0824743
0.104202
0.112786
0.100259
0.0869796
0.0680198
0.0575548
0.0430484
0.02984
0.0141154
0.002101
-0.0031542
-0.0155762
-0.0330836
-0.0428476
-0.0400242
-0.0197347
0.00701735
0.0390668
0.0731585
0.0915007
0.105281
0.102366
0.0871921
0.0706772
0.0527565
0.040365
0.0244408
0.00872854
-0.00837288
-0.02375
-0.0309736
-0.0448447
-0.0630545
-0.0735669
-0.0699822
-0.0548824
-0.0247111
0.00926626
0.040444
0.0587406
0.075773
0.0811326
0.0661195
0.0530305
0.0344587
0.0226286
0.0080147
-0.0112271
-0.0285997
-0.0451079
-0.0525037
-0.0647529
-0.0795028
-0.0831351
-0.0757836
-0.0560698
-0.024904
0.00506383
0.0384642
0.05841
0.0802059
0.076264
0.0633742
0.045934
0.0255533
0.0109954
-0.0007883
-0.0173509
-0.0330693
-0.0478307
-0.0535487
-0.0672781
-0.0843061
-0.0943003
-0.0910327
-0.0675873
-0.0407519
-0.00804739
0.0248751
0.043931
0.0637826
0.0715278
0.0562504
0.0409643
0.0215552
0.00832423
-0.00540428
-0.0236054
-0.0408265
-0.056572
-0.062378
-0.0749017
-0.0890692
-0.0917155
-0.0847449
-0.0652237
-0.035421
-0.0057491
0.0267173
0.0473134
0.0727147
0.0830105
0.0701018
0.0545526
0.0362603
0.0243351
0.0133085
-0.0026918
-0.0183
-0.0323486
-0.0372034
-0.0489812
-0.064401
-0.0684446
-0.0619457
-0.0426385
-0.0115913
0.0199536
0.0532978
0.0705393
0.0878985
0.0823494
0.0684581
0.0516741
0.0329173
0.0201178
0.00370202
-0.0115218
-0.0278096
-0.0421415
-0.0487282
-0.0626638
-0.0802389
-0.0896524
-0.0856141
-0.0667559
-0.0398108
-0.00777767
0.0250445
0.0440401
0.0643386
0.0718085
0.0570681
0.0420505
0.0234067
0.0108908
-0.00172673
-0.0197821
-0.0366833
-0.052335
-0.0587858
-0.0716701
-0.0871094
-0.0906417
-0.0831988