0.0552187
0.112575
0.121701
0.106494
0.106517
0.0881543
0.0681679
0.0546103
0.0267872
-0.00967064
-0.0224592
-0.025593
-0.023897
-0.032051
-0.0471812
-0.0760527
-0.104918
-0.163488
-0.203525
-0.227991
-0.228565
-0.21482
-0.200117
-0.162373
-0.0951868
-0.0213927
0.0369843
0.0800199
0.11785
0.0878612
0.0488752
0.0216257
0.0104462
0.013222
0.036309
0.0529913
0.0528987
0.0269236
-0.0210216
-0.0506891
-0.0606831
-0.0652751
-0.0564041
-0.0523039
0.00329283
0.0334963
0.0797159
0.106082
0.119339
0.076014
0.0333186
-0.00229196
-0.00620523
-0.0203057
-0.000865772
0.0143507
0.00896147
-0.0161449
-0.0588417
-0.093172
-0.10653
-0.113247
-0.114023
-0.0982067
-0.048299
-0.0071468
0.0453848
0.0907017
0.08133
0.0508799
0.0130381
-0.00669565
-0.00341619
-0.00728404
0.0107311
0.0239649
0.0235951
-0.00153702
-0.0404752
-0.0590458
-0.0626946
-0.0643429
-0.0557168
-0.0430593
0.0034575
0.0386477
0.0864735
0.118165
0.0989896
0.0621454
0.0207927
-0.00639492
-0.012503
-0.0214414
-0.00342761
0.00884306
0.00764444
-0.0194605
-0.0624092
-0.0834654
-0.0872576
-0.0927376
-0.0775753
-0.0543822
0.00700574
0.0633811
0.121843
0.0953863
0.0745066
0.0297721
0.0174329
0.013154
0.0161874
0.0175781
0.0180994
0.0193119
-0.00266126
-0.0682532
-0.14308
-0.169548
-0.159714
-0.127158
-0.0916023
-0.0592409
0.00755755
0.0726149
0.143834
0.138709
0.12175
0.0892971
0.074379
0.0631327
0.0614575
0.0580569
0.0560211
0.0533185
0.0284087
-0.0263627
-0.0968542
-0.153829
-0.156563
-0.145153
-0.113553
-0.0779882
-0.0153242
0.0431203
0.105163
0.110092
0.0848729
0.0673967
0.0358425
0.0285213
0.0307368
0.0363622
0.0424245
0.0399202
0.0182298
-0.0362135
-0.101694
-0.160548
-0.166825
-0.149259
-0.111193
-0.0734334
-0.00764237
0.0474667
0.106578
0.110177
0.0868481
0.0683612
0.049841
0.0395889
0.0449289
0.0488709
0.0494101
0.0364471
0.00366374
-0.0541285
-0.121243
-0.163452
-0.165228
-0.140241
-0.105985
-0.0801974
-0.0139142
0.0410729
0.107057
0.103226
0.0892376
0.0551333
0.0455535
0.0414106
0.0416711
0.0448359
0.0399456
0.0248102
-0.0117974
-0.075108
-0.142377
-0.183375
-0.181298
-0.152968
-0.114103
-0.0863898
-0.0205497
0.0432625
0.107453
0.107139
0.0944216
0.0667836
0.0571697
0.0528105
0.0527982
0.051451
0.0419189
0.0263032
-0.00884354
-0.0689444
-0.135475
-0.163564
-0.170481
-0.129794
-0.0901927
-0.063669
0.00183641
0.0588988
0.119349
0.112915
0.0986968
0.0832801
0.0684128
0.0629546
0.0606935
0.0518666
0.0469446
0.0294139
-0.00625957
-0.0736637
-0.14163
-0.17824
-0.188099
-0.163945
-0.118774
-0.0851322
-0.0224972
0.0351251
0.0961262
0.0903216
0.0716112
0.0424756
0.0317931
0.030747
0.0384164
0.0415484
0.0274224
0.00474922
-0.0528698
-0.111142
-0.170446
-0.19472
-0.202082
-0.151636
-0.108394
-0.0733526
-0.0122769
0.0531027
0.112939
0.111048
0.102951
0.0968266
0.0880357
0.0828904
0.080041
0.0705199
0.0613973
0.0403535
0.00368207
-0.0630422
-0.133006
-0.173106
-0.176187
-0.148499
-0.10694
-0.0770659
-0.0140116
0.0422983
0.102001
0.0957759
0.0793889
0.0638999
0.0538494
0.0541437
0.05657
0.0522951
0.0402392
0.0136127
-0.0479202
-0.109532
-0.168429
-0.205737
-0.19117
-0.158276
-0.10724
-0.0695339
-0.00871031
0.0467874
0.0927106
0.0829638
0.074728
0.0595517
0.0514718
0.0546777
0.0568304
0.0522823
0.0400061
0.0171203
-0.040097
-0.0989017
-0.156498
-0.196785
-0.184805
-0.152493
-0.103775
-0.0671568
-0.00826062
0.0473865
0.102032
0.0910358
0.0747358
0.0634444
0.0545799
0.0518806
0.0522286
0.0480224
0.0309711
0.00384075
-0.0556692
-0.11557
-0.162483
-0.186032
-0.191486
-0.142346
-0.108028
-0.0745582
-0.0156315
0.045769
0.105665
0.0993853
0.0910024
0.0822391
0.0748539
0.0746517
0.0762793
0.0682041
0.0546192
0.0283094
-0.0306989
-0.0927049
-0.153007
-0.192267
-0.207117
-0.181823
-0.137278
-0.0973091
-0.0331551
0.0243659
0.0717396
0.0661278
0.061215
0.0526663
0.0522142
0.064351
0.0713464
0.0691725
0.0577842
0.0358863
-0.0207394
-0.0825368
-0.141801
-0.184654
-0.181856
-0.149876
-0.100707
-0.0638744
-0.00428763
0.051301
0.105516
0.0995969
0.0849724
0.073241
0.0637071
0.0621604
0.0601629
0.0538274
0.0416151
0.0146369
-0.046079
-0.105445
-0.163205
-0.197934
-0.184518
-0.153212
-0.105545
-0.0693659
-0.0093892
0.0432758
0.0860201
0.0711198
0.0631265
0.0490397
0.0422726
0.0434856
0.0483238
0.0464467
0.0300957
0.00476624
-0.0518822
-0.111607
-0.159627
-0.185163
-0.163459
-0.127313
-0.0955898
-0.0579365
-0.00272586
0.0484556
0.0849514
0.0711367
0.0636428
0.0544732
0.0509919
0.0544879
0.0602395
0.06459
0.0595596
0.0455622
-0.00970526
-0.0672038
-0.125813
-0.16712
-0.18145
-0.155322
-0.111043
-0.0717513
-0.0147871
0.0403837
0.0966695
0.0867851
0.0684124
0.0537594
0.0443691
0.0440572
0.0500218
0.0482317
0.0299954
0.00151475
-0.0587433
-0.119709
-0.177903
-0.201758
-0.212067
-0.159884
-0.116207
-0.0816778
-0.0210892
0.0453523
0.10654
0.104493
0.0962402
0.0899981
0.0825743
0.0784892
0.0782702
0.0689851
0.0581893
0.0348342
-0.00253683
-0.0691469
-0.124859
-0.158037
-0.177708
-0.136557
-0.104044
-0.0716721
-0.017973
0.0392096
0.0968602
0.0873273
0.0717592
0.0435043
0.0328067
0.031941
0.0360351
0.0399773
0.0318011
0.0140151
-0.0258645
-0.0941658
-0.159838
-0.200477
-0.207631
-0.176366
-0.127875
-0.0891846
-0.0253332
0.0290265
0.0783347
0.072095
0.0654355
0.0504748
0.0443899
0.0458369
0.0507736
0.0468606
0.0299931
0.00791901
-0.0460326
-0.101933
-0.150256
-0.16853
-0.139112
-0.103292
-0.0749936
-0.0422913
0.0126246
0.0663801
0.117933
0.10283
0.090055
0.0798364
0.0694751
0.0649865
0.0606655
0.0542253
0.0483508
0.0319727
-0.00235449
-0.0660628
-0.132488
-0.172353
-0.182333
-0.15886
-0.116645
-0.0850855
-0.0256422
0.0328138
0.0928184
0.0856435
0.0676111
0.0395179
0.0289194
0.0298548
0.0377907
0.0442784
0.0347291
0.0148811
-0.0254612
-0.0917908
-0.158239
-0.199957
-0.19969
-0.163892
-0.118085
-0.0821324
-0.0173881
0.0423949
0.105138
0.106282
0.0931377
0.0830005
0.0723663
0.0671885
0.0653924
0.0586582
0.0403123
0.0111037
-0.0474962
-0.105692
-0.153669
-0.17784
-0.183635
-0.135408
-0.10094
-0.0681578
-0.0107222
0.0485499
0.107331
0.100345
0.0898631
0.0802255
0.0721104
0.0685922
0.0681415
0.0604277
0.0421024
0.0152475
-0.043656
-0.104833
-0.164236
-0.202053
-0.203903
-0.171042
-0.126107
-0.0890911
-0.0226071
0.0387168
0.0856189
0.081577
0.0771126
0.0701463
0.0668122
0.0748091
0.0789554
0.0755346
0.0635535
0.0413989
-0.0145262
-0.0745686
-0.125488
-0.16025
-0.149076
-0.117607
-0.0898798
-0.0521304
-0.00666916
0.0472207
0.0950826
0.0779088
0.0624277
0.0524285
0.0451745
0.0496708
0.0531986
0.0514154
0.0462503
0.0249435
-0.0112086
-0.0821212
-0.151619
-0.19229
-0.202333
-0.17513
-0.129167
-0.0945191
-0.0295654
0.023947
0.07322
0.0629972
0.0559988
0.0382289
0.0328388
0.0353785
0.0442097
0.0426857
0.0286723
0.00872511
-0.0457329
-0.103508
-0.161318
-0.19048
-0.171704
-0.132063
-0.0903314
-0.0539436
0.00252291
0.0533847
0.0893852
0.0756085
0.0660723
0.0581103
0.0533006
0.0533944
0.0562712
0.0564662
0.0533589
0.0394656
-0.0138748
-0.0688858
-0.124452
-0.163827
-0.169173
-0.138249
-0.0949026
-0.0606174
-0.000770526
0.0549966
0.111357
0.103038
0.0860983
0.0733343
0.0619674
0.0624584
0.0653365
0.059741
0.0465041
0.0173648
-0.0428461
-0.102434
-0.152106
-0.181805
-0.165444
-0.132422
-0.104501
-0.0677667
-0.0176153
0.0358718
0.071988
0.0554053
0.0492581
0.0408871
0.041229
0.0515922
0.062065
0.0683641
0.0612931
0.043563
-0.0109358
-0.0716096
-0.121153
-0.168048
-0.169136
-0.144564
-0.100754
-0.0622
-0.00743671
0.0437019
0.094631
0.0847208
0.0655092
0.0494988
0.0381299
0.0357053
0.0363028
0.0338093
0.0136312
-0.0168885
-0.0773757
-0.136937
-0.182218
-0.202561
-0.172858
-0.134042
-0.10255
-0.0658663
-0.00877923
0.0437341
0.0836742
0.0705768
0.0643245
0.0569854
0.053379
0.0600062
0.0665546
0.0640488
0.057212
0.0405767
-0.0112775
-0.066273
-0.113895
-0.145512
-0.165686
-0.122164
-0.0907339
-0.0571935
-0.00646442
0.0506151
0.102566
0.0914015
0.0769801
0.0658233
0.0559643
0.056348
0.0559156
0.0506597
0.0411959
0.0192291
-0.0218274
-0.0891915
-0.143285
-0.176108
-0.190403
-0.141803
-0.105747
-0.0732217
-0.0181765
0.0382323
0.0994985
0.0928347
0.0770531
0.0622549
0.052481
0.0526674
0.0549228
0.0485434
0.0352797
0.00728708
-0.0521085
-0.11208
-0.169219
-0.20532
-0.205055
-0.169039
-0.121604
-0.0847806
-0.0216118
0.043119
0.102079
0.0972304
0.0854695
0.0787792
0.0719222
0.0706125
0.0721757
0.065054
0.0454668
0.015838
-0.0419671
-0.102727
-0.153548
-0.180945
-0.189865
-0.141519
-0.106735
-0.07323
-0.0169031
0.0439245
0.103227
0.0977996
0.087655
0.0781292
0.0707286
0.0700455
0.0707115
0.0636912
0.0514077
0.0254042
-0.0344991
-0.0959955
-0.156139
-0.193738
-0.198259
-0.166988
-0.122371
-0.0852725
-0.0218083
0.0420977
0.102893
0.101175
0.0901453
0.0817022
0.0749965
0.0789538
0.0839879
0.0795108
0.0639342
0.033285
-0.0292466
-0.0948226
-0.158646
-0.199122
-0.213171
-0.186423
-0.141366
-0.101254
-0.0388616
0.0187219
0.066362
0.0623728
0.057308
0.0504062
0.0507449
0.0615541
0.0692706
0.0686215
0.058112
0.0363958
-0.0213502
-0.0833727
-0.14297
-0.185742
-0.194602
-0.168047
-0.118875
-0.0794298
-0.0209611
0.037653
0.0904263
0.0835009
0.067907
0.0565732
0.0486667
0.0482649
0.0507042
0.046643
0.0267469
-0.00336781
-0.0627233
-0.12257
-0.169608
-0.193354
-0.198541
-0.148357
-0.113183
-0.0808819
-0.0200521
0.0328883
0.0841726
0.0743416
0.0714553
0.0633154
0.0592398
0.0585262
0.0608013
0.0541743
0.0389044
0.0194419
-0.0317044
-0.089077
-0.1466
-0.18847
-0.193327
-0.159734
-0.111077
-0.0744298
-0.0116887
0.0526668
0.107464
0.102808
0.0893188
0.0824831
0.0734129
0.0700136
0.0665066
0.0581461
0.0410528
0.0111503
-0.0476203
-0.105369
-0.154446
-0.178298
-0.183383
-0.134021
-0.0999045
-0.0683774
-0.0113152
0.0473347
0.105768
0.0989563
0.0881033
0.0779944
0.0699298
0.0658536
0.0658218
0.0582624
0.0398936
0.0125629
-0.0452339
-0.106048
-0.153054
-0.182339
-0.198332
-0.151523
-0.117281
-0.0802809
-0.0229978
0.0307963
0.0786885
0.0680216
0.0630448
0.0536546
0.051766
0.0623798
0.0687791
0.0680371
0.0566804
0.0359391
-0.0213223
-0.0829954
-0.142069
-0.184219
-0.20089
-0.172476
-0.12466
-0.0828368
-0.0231857
0.0380504
0.0945084
0.0901855
0.0754543
0.0660747
0.0586612
0.0578293
0.06019
0.0543534
0.0349195
0.00510981
-0.053121
-0.112296
-0.159766
-0.184445